31.350731501,74
31.656858275,66
31.656869199,66
31.951244525,74
31.952028133,66
32.244214833,66
32.284695503,143
32.284971855,1459
32.580254231,66
32.619017741,176
32.619028446,107
32.911407092,66
32.953561538,125
38.948387908,1399
39.240964637,66
39.281305433,125
71.142552750,1399
71.435150635,66
71.475454317,125
104.088106146,1399
104.380498933,66
104.421153613,125
137.266962864,1399
137.559500247,66
137.599812156,125
169.178606599,1399
169.471835665,66
169.514245608,125
203.322923821,1399
203.615518926,66
203.656245093,125
218.780243394,1398
219.072749135,66
219.962026088,125
238.569831003,1399
238.862244264,66
238.902597733,125
269.887545819,1399
270.180740273,66
270.220295815,125
285.271891910,1264
285.564436389,66
286.027659673,125
300.229478423,1332
300.522278769,66
300.562231993,125
329.977425686,1332
330.270084911,66
330.310326651,125
360.042570532,1332
360.335054255,66
360.375357619,125
390.894038830,1332
391.186498668,66
391.226645816,125
420.940346830,1332
421.254936014,66
421.313482180,125
451.132703191,1332
451.448169094,66
451.488192392,125
481.162609564,1332
481.477418816,66
481.517747240,125
492.143796619,1331
492.459232837,66
492.499229245,125
511.285485286,1332
511.601508273,66
511.641621731,125
541.372864448,1332
541.688028328,66
541.728048271,125
571.432079515,1332
571.746278490,66
571.787472146,125
601.425292334,1332
601.739990017,66
601.781152966,125
631.869166870,1332
632.184790590,66
632.226636350,125
666.642240373,1399
666.959894408,66
667.001024059,125
701.821905523,1399
702.137210079,66
702.178581190,125
736.805027871,1399
737.119637415,66
737.161030857,125
771.952567504,1399
772.790622278,66
772.830205597,125
804.914085702,1399
805.230885174,66
805.271030300,125
805.805877985,125
837.297493149,1399
837.614054154,66
837.654286676,125
867.450636834,1399
868.302978522,66
868.343365514,125
897.489386629,1399
897.804930576,66
897.845394454,125
927.246833450,1399
927.561060968,66
927.602038354,125
958.143773412,1399
958.460015470,66
958.499376522,125
988.294456801,1399
988.609555952,66
988.650369520,125
1018.286331504,1399
1018.579690463,66
1018.620321474,125
1048.610203011,1399
1048.903236805,66
1048.943618370,125
1083.661242846,1399
1083.953937459,66
1084.004126700,125
1118.979825198,1399
1119.272621003,66
1119.313247349,125
1153.935702000,1399
1154.228775003,66
1154.268909383,125
1184.087155691,1399
1184.380742036,66
1184.427435693,125
1214.090326165,1399
1214.383395448,66
1214.424106186,125
1244.495238256,1399
1244.788428757,66
1244.828493588,125
1274.479471610,1399
1274.773703994,66
1274.814134231,125
1305.532928705,1399
1305.827205639,66
1305.867419800,125
1335.428264783,1399
1335.722317000,66
1335.762711428,125
1361.196459368,1331
1361.490670992,66
1362.172387238,125
1375.877290660,1332
1376.171575814,66
1376.211718934,125
1405.961489028,1332
1406.256869762,66
1406.296100651,125
1436.530193936,1399
1436.824689094,66
1436.864640672,125
1466.518468077,1399
1466.812857899,66
1466.853070086,125
1497.251023791,1399
1497.545196945,66
1497.591257346,125
1527.191917123,1399
1527.486077005,66
1527.529191498,125
1558.452984307,1399
1558.747116596,66
1558.788298449,125
1588.436205246,1399
1588.730327768,66
1588.771564106,125
1619.798765418,1399
1620.093067082,66
1620.134238345,125
1652.510674875,1399
1652.804636916,66
1652.848057189,125
1685.847559904,1399
1686.141718546,66
1686.182838798,125
1687.540824791,1264
1687.839753619,66
1688.062809728,124
1702.338585018,1265
1702.632965881,66
1702.674168440,124
1732.005640219,1265
1732.299890453,66
1732.341234196,124
1762.005757612,1265
1762.300020384,66
1762.341242576,125
1793.446592429,1332
1793.740970613,66
1793.781948612,125
1823.238354111,1332
1823.535464817,66
1823.574012683,125
1854.427903334,1332
1854.726712959,66
1854.763445828,125
1886.112810203,1332
1886.406970905,66
1886.448153441,125
1920.683325785,1332
1920.977438093,66
1921.018930643,125
1954.856676672,1332
1955.152249962,66
1955.192950484,125
1986.681008619,1332
1986.975145920,66
1987.018498777,125
2020.103284194,1332
2020.397462630,66
2020.439035715,125
2052.711012960,1332
2053.005841401,66
2053.047134456,125
2083.239861294,1332
2083.534715292,66
2083.575812511,125
2113.511575115,1332
2113.806508580,66
2113.846818983,125
2144.478106009,1399
2144.772327558,66
2144.813225359,125
2174.690619724,1399
2174.984714317,66
2175.024767994,125
2205.997049158,1332
2206.290008953,66
2206.330610901,125
2227.669663594,1331
2227.962536431,66
2228.002768771,125
2247.407431802,1332
2247.703215617,66
2247.742938658,125
2277.345874780,1399
2277.642789470,66
2277.679210187,125
2307.337642071,1399
2307.636694325,66
2307.687384801,125
2338.697531831,1397
2338.990713960,66
2339.031094112,125
2373.473163948,1332
2373.766021719,66
2373.806692433,125
2404.603883004,1332
2404.896854568,66
2404.937237061,125
2437.759824425,1332
2438.052874095,66
2438.093011206,125
2470.730334319,1399
2471.025259989,66
2471.066303678,125
2502.757597889,1399
2503.060113757,66
2503.097721239,125
2537.250913993,1399
2537.548449344,66
2537.585594024,125
2568.053977621,1399
2568.348192918,66
2568.388776913,125
2598.314050003,1399
2598.608398418,66
2598.648961960,125
2628.341897583,1399
2628.636280758,66
2628.676415470,125
2659.485810286,1399
2659.780108946,66
2659.822477965,125
2693.517903245,1399
2693.812429034,66
2693.852884263,125
2725.613078429,1399
2725.907119416,66
2725.947609112,125
2756.540400146,1399
2756.834921762,66
2756.876767991,125
2786.875804684,1399
2787.170064320,66
2787.210307707,125
2817.912690355,1399
2818.206798509,66
2818.246978708,125
2848.311131166,1399
2848.605274991,66
2848.645622418,125
2879.203749028,1399
2879.498796234,66
2879.540125462,125
2909.523411154,1399
2909.817833081,66
2909.858127561,125
2939.491540025,1399
2939.785495865,66
2939.825809539,125
2970.281056892,1399
2970.575892362,66
2970.615576608,125
3000.386947321,1399
3000.681170583,66
3000.721678905,125
3031.453580107,1399
3031.747837017,66
3031.788541169,125
3062.191209510,1399
3062.485477844,66
3062.526498282,125
3092.195093514,1399
3092.489286821,66
3092.529569248,125
3123.146775123,1399
3123.440936896,66
3123.481281841,125
3153.594130295,1399
3153.893179538,66
3153.928609025,125
3184.225030082,1399
3184.519107877,66
3184.559480523,125
3214.450898207,1399
3214.745274114,66
3214.785416767,125
3237.924830705,1398
3238.219331610,66
3238.908043845,125
3255.708016863,1399
3256.002201210,66
3256.042734573,125
3280.738892895,1264
3281.034725212,66
3281.722453995,125
3296.583744323,1332
3296.878001823,66
3296.918576230,125
3331.811638170,1332
3332.105909247,66
3332.146380673,125
3366.715024005,1332
3367.009382369,66
3367.058185805,125
3373.562650852,1130
3373.857213984,66
3373.897446260,124
3393.550187853,1198
3393.842992299,66
3393.884106909,124
3426.677897120,1198
3426.970755366,66
3427.011747947,124
3450.180308282,1063
3450.473032793,66
3450.513356193,123
3466.791226762,1064
3467.083978122,66
3467.127076954,124
3500.010705682,1198
3500.304513592,66
3500.344359641,124
3531.965482776,1198
3532.258360883,66
3532.298704341,124
3566.159612967,1265
3566.452307063,66
3566.492613474,124
3597.156552599,1265
3597.450281148,66
3597.489622957,124
3627.422640784,1265
3627.715393211,66
3627.755853477,124
3657.349515249,1265
3657.643112242,66
3657.683378547,124
3688.623020361,1332
3688.917451770,66
3688.956924380,125
3723.142041136,1332
3723.434869951,66
3723.475223866,125
3754.763218327,1332
3755.055754450,66
3755.102812880,125
3788.390136776,1332
3788.682277855,66
3788.722365218,125
3821.032438150,1332
3821.324556182,66
3821.364593409,125
3853.679683625,1332
3853.971732495,66
3854.012143005,125
3884.009894193,1332
3884.302127279,66
3884.343329449,125
3913.984301183,1332
3914.277071908,66
3914.317240365,125
3944.210673517,1332
3944.502725621,66
3944.544167560,125
3974.215080888,1399
3974.507160931,66
3974.548370230,125
4004.317812421,1399
4004.610130105,66
4004.651501827,125
4034.382955199,1399
4034.676712950,66
4034.716311225,125
4064.836808201,1399
4065.128809474,66
4065.170308745,125
4084.499579372,1063
4084.794206747,66
4084.834582115,124
4099.233499506,1131
4099.526791170,66
4099.568303474,124
4129.753758862,1198
4130.047081759,66
4130.088617476,124
4159.767333482,1198
4160.060618600,66
4160.101875181,124
4190.430339597,1265
4190.724288692,66
4190.764847985,124
4220.428400781,1265
4220.721385962,66
4220.766067180,124
4251.248833649,1265
4251.542042363,66
4251.585135721,124
4281.246993340,1265
4281.540256837,66
4281.584119432,124
4311.584671621,1332
4311.877929466,66
4311.919145873,125
4346.263119572,1332
4346.557279771,66
4346.598526611,125
4376.819945479,1332
4377.114662892,66
4377.155720387,125
4406.823792515,1332
4407.117983220,66
4407.159345635,125
4437.659714021,1332
4437.954891321,66
4437.995675985,125
4468.567386450,1332
4468.861591346,66
4468.903001336,125
4503.019886650,1332
4503.314471469,66
4503.354601342,125
4535.151639478,1332
4535.444553891,66
4535.484803568,125
4537.449474824,996
4537.742365690,66
4537.782837050,123
4553.210127588,1064
4553.502824290,66
4553.543698894,124
4583.194650960,1131
4583.487436205,66
4583.528680758,124
4613.386176246,1198
4613.681096248,66
4613.719370832,124
4643.329614251,1198
4643.621719295,66
4643.661924153,124
4673.674386926,1265
4673.966577102,66
4674.007456634,124
4708.655809913,1265
4708.947698693,66
4708.988405437,124
4738.846935531,1265
4739.138697817,66
4739.179528273,124
4768.934212073,1265
4769.226532191,66
4769.266912360,125
4799.109871074,1332
4799.402629962,66
4799.442062444,125
4829.193053866,1332
4829.484919788,66
4829.525140861,125
4859.441921028,1332
4859.735323529,66
4859.776309902,125
4889.493508640,1332
4889.785524835,66
4889.825720948,125
4919.813051202,1332
4920.111055509,66
4920.146125131,125
4954.784145062,1332
4955.076170202,66
4955.116229527,125
4985.136955284,1332
4985.428895501,66
4985.469543525,125
5015.198969238,1332
5015.491000830,66
5015.531450598,125
5045.309762653,1332
5045.602397277,66
5045.642057782,125
5075.354336895,1399
5075.646175751,66
5075.687448885,125
5105.564090926,1399
5105.855960533,66
5105.897252726,125
5140.643139429,1399
5140.935368919,66
5140.976656854,125
5175.881789823,1399
5176.173792999,66
5176.215351745,125
5207.953509119,1399
5208.245429359,66
5208.286730323,125
5241.212350107,1399
5241.505614166,66
5241.546683938,125
5271.910806005,1399
5272.204887376,66
5272.246982333,125
5306.852063706,1399
5307.146523214,66
5307.187393103,125
5337.664479358,1399
5337.959051663,66
5338.000053870,125
5372.555004562,1399
5372.849073714,66
5372.890622474,125
5402.938874181,1399
5403.232885795,66
5403.274036250,125
5437.951124636,1399
5438.245236662,66
5438.287174594,125
5468.187927365,1399
5468.482051588,66
5468.523443449,125
5498.162166872,1399
5498.456674320,66
5498.498239939,125
5528.757229177,1399
5529.051521114,66
5529.092769545,125
5563.784639405,1399
5564.078584706,66
5564.119889607,125
5598.905777685,1399
5599.199950768,66
5599.241561729,125
5630.173252454,1399
5630.467903581,66
5630.508954226,125
5664.265311650,1399
5664.560340976,66
5664.604268946,125
5694.465752746,1399
5694.760132246,66
5694.801232076,125
5724.490173631,1399
5724.784365015,66
5724.825520735,125
5754.860031702,1399
5755.154048461,66
5755.195671900,125
5789.828630705,1399
5790.121449918,66
5790.162635685,125
5820.378901951,1399
5820.673445748,66
5820.714652279,125
5851.640547949,1399
5851.935489789,66
5851.976064374,125
5876.593270217,1398
5876.887344344,66
5877.554735735,125
5896.287401128,1399
5896.581306622,66
5896.622422445,125
5926.325172141,1399
5926.619390340,66
5926.660645340,125
5956.265217975,1399
5956.559381812,66
5956.600430537,125
5986.254827835,1399
5986.548909601,66
5986.590355834,125
6017.666729069,1397
6017.960978383,66
6018.002391906,125
6052.483061997,1399
6052.777607034,66
6052.821276315,125
6083.529527814,1399
6083.823770824,66
6083.864943374,125
6113.593833902,1399
6113.888291339,66
6113.929359405,125
6144.748692459,1399
6145.042201265,66
6145.083345417,125
6176.940370294,1399
6177.234007895,66
6177.274833362,125
6211.195087440,1399
6211.488239429,66
6211.529865488,125
6242.135771443,1399
6242.432925314,66
6242.470613279,125
6272.530457064,1399
6272.825300594,66
6272.866040351,125
6302.478910162,1399
6302.772286004,66
6302.813570612,125
6333.505474984,1399
6333.798859553,66
6333.840121955,125
6364.224547020,1399
6364.517779037,66
6364.558884999,125
6394.555315116,1399
6394.847299695,66
6394.888997678,125
6425.406477940,1399
6425.698476730,66
6425.739870332,125
6455.717971163,1399
6456.011138247,66
6456.052371009,125
6486.792887107,1399
6487.085937262,66
6487.127175701,125
6521.875706121,1399
6522.168526129,66
6522.209951543,125
6552.997124613,1399
6553.289906338,66
6553.331600032,125
6583.018840794,1399
6583.311833404,66
6583.359396799,125
6613.858285204,1399
6614.151434489,66
6614.192309236,125
6648.793550388,1399
6649.086572401,66
6649.127178041,125
6679.791083988,1399
6680.084311757,66
6680.124281665,125
6714.744050704,1399
6715.038314864,66
6715.078457687,125
6746.121900125,1399
6746.416210169,66
6746.456463901,125
6775.979423946,1399
6776.272698397,66
6776.312945178,125
6807.109814012,1399
6807.403614742,66
6807.443603709,125
6837.267924326,1399
6837.561613566,66
6837.601566542,125
6868.239924574,1399
6868.533187538,66
6868.573342725,125
6898.191089644,1399
6898.484496275,66
6898.525660510,125
6929.446306399,1399
6929.739592064,66
6929.781159892,125
6959.369526390,1399
6959.664073172,66
6959.703870499,125
6990.491551224,1399
6990.783436705,66
6990.824783027,125
7020.561925660,1399
7020.855313603,66
7020.896783319,125
7051.714914959,1399
7052.008144129,66
7052.049982479,125
7086.879783632,1399
7087.174240798,66
7087.214793062,125
7117.857659342,1399
7118.150800342,66
7118.192425977,125
7121.271021619,1398
7121.567304515,66
7122.311581323,125
7130.313042441,1398
7130.606696400,66
7131.401573957,125
7147.075341858,1399
7147.368942214,66
7147.410152953,125
7178.836523611,1399
7179.129827807,66
7179.170929773,125
7212.212574130,1399
7212.506934968,66
7212.547032907,125
7245.191043794,1399
7245.484428808,66
7245.525876858,125
7276.882225222,1399
7277.175581433,66
7277.217043352,125
7311.382169432,1399
7311.677786226,66
7311.717202639,125
7342.111933101,1399
7342.405189099,66
7342.446815668,125
7372.460460141,1399
7372.753621627,66
7372.795185291,125
7403.075592213,1399
7403.369119323,66
7403.410391324,125
7433.688281187,1397
7433.981558532,66
7434.023046924,125
7464.590912814,1399
7464.884150721,66
7464.926442920,125
7499.908462943,1399
7500.201833525,66
7500.242304951,125
7531.177535585,1399
7531.471056731,66
7531.511123286,125
7561.209270327,1399
7561.502678972,66
7561.544316245,125
7592.630620138,1399
7592.925949706,66
7592.964889444,125
7600.203556777,1331
7600.496823646,66
7601.015310181,125
7615.008287679,1332
7615.301460800,66
7615.342294641,125
7648.252685571,1332
7648.545787069,66
7648.586494589,125
7678.562405356,1332
7678.855765496,66
7678.896254452,125
7709.399693828,1332
7709.692874507,66
7709.733102842,125
7739.669580525,1399
7739.963148084,66
7740.003787590,125
7770.675358991,1399
7770.968787468,66
7771.008944964,125
7801.048683468,1399
7801.342349304,66
7801.383174724,125
7832.155689861,1399
7832.448891302,66
7832.490155054,125
7862.228753627,1399
7862.544626931,66
7862.586173268,125
7893.100387463,1399
7893.414747644,66
7893.456152234,125
7923.445575454,1399
7923.761135395,66
7923.802540148,125
7954.241578073,1399
7955.079252062,66
7955.120336796,125
7984.686998139,1399
7985.518827831,66
7985.560229185,125
8015.460513954,1399
8015.754623875,66
8015.797245344,125
8045.709176226,1399
8046.003575191,66
8046.045094950,125
8076.450357331,1399
8076.766944053,66
8076.808385771,125
8106.751349737,1399
8107.277986771,1399
8107.591140072,66
8107.631537635,125
8124.249339666,1331
8125.107315380,66
8125.147751503,125
8125.909502353,125
8143.056014165,1332
8143.372848191,66
8143.413206979,125
8176.777079599,1332
8177.095009107,66
8177.133726907,125
8209.285779694,1332
8209.601098679,66
8209.642495425,125
8241.991927299,1332
8242.284811280,66
8242.325333597,125
8275.181577229,1332
8275.474663782,66
8275.515472772,125
8307.339638934,1332
8307.631521988,66
8307.671790776,125
8341.266550432,1332
8341.558483632,66
8341.598817522,125
8373.015596168,1332
8373.307792561,66
8373.350847364,125
8407.489399890,1332
8407.781274964,66
8407.822771301,125
8438.669870482,1399
8438.985493635,66
8439.026227127,125
8469.288509362,1399
8469.580613167,66
8469.621858001,125
8499.252530857,1399
8499.544433893,66
8499.585952887,125
8529.429542543,1399
8529.725300079,66
8529.764065278,125
8559.443478436,1399
8559.737209228,66
8559.777968224,125
8589.917137241,1399
8590.234159420,66
8590.273395729,125
8624.849412132,1399
8625.165367700,66
8625.207078381,125
8655.459010235,1399
8655.752240913,66
8655.793742250,125
8685.427932388,1399
8685.721304298,66
8685.764012507,125
8715.760453302,1399
8716.053675076,66
8716.095081266,125
8749.228453480,1399
8750.565272933,66
8750.606655227,125
8781.836321895,1399
8782.152575675,66
8782.194321541,125
8815.698397318,1399
8816.014140030,66
8816.057469574,125
8847.139164950,1399
8847.454904603,66
8847.495941195,125
8881.929918004,1399
8882.223493543,66
8882.264990139,125
8912.285703924,1399
8912.579434913,66
8912.620304847,125
8943.050363098,1399
8943.343679911,66
8943.385022588,125
8977.737684441,1399
8978.031027407,66
8978.072411956,125
9009.062568718,1399
9009.356040022,66
9009.397362595,125
9042.978728685,1399
9043.271935954,66
9043.313291158,125
9073.557945512,1399
9073.851508367,66
9073.892664970,125
9108.745439641,1397
9109.039317461,66
9109.080880465,125
9143.739234391,1399
9144.032508009,66
9144.073544032,125
9177.510559662,1399
9177.804633414,66
9177.845229032,125
9208.966794955,1399
9209.260864679,66
9209.301518213,125
9239.016941204,1399
9239.310834563,66
9239.351340617,125
9269.127641176,1399
9269.421019550,66
9269.462519054,125
9299.134753094,1399
9299.427981770,66
9299.469253275,125
9329.541835024,1399
9329.835094703,66
9329.876342428,125
9360.984943239,1399
9361.282490150,66
9361.320306258,125
9395.403679205,1399
9395.696908741,66
9395.738344639,125
9427.659099925,1399
9427.952417516,66
9427.993940781,125
9460.044892392,1399
9460.338092756,66
9460.379795017,125
9493.766852577,1399
9494.060068578,66
9494.101437709,125
9525.246486530,1399
9525.540055255,66
9525.581545057,125
9555.557551099,1399
9555.852521802,66
9555.892071612,125
9590.630583477,1399
9590.923815955,66
9590.965147242,125
9625.851397418,1399
9626.144562630,66
9626.185683057,125
9660.873822028,1399
9661.167076805,66
9661.208680989,125
9691.074545543,1399
9691.366773646,66
9691.408215553,125
9721.051738847,1399
9721.345065708,66
9721.386600533,125
9751.800592380,1399
9752.093935547,66
9752.136802068,125
9785.934933676,1399
9786.230667956,66
9786.269313846,125
9816.958168755,1399
9817.251507922,66
9817.292680547,125
9850.467053556,1399
9850.760504513,66
9850.801881998,125
9882.196298881,1399
9882.489844528,66
9882.530567628,125
9911.978975709,1399
9912.272601496,66
9912.319220229,125
9942.467258853,1399
9942.760412194,66
9942.801697191,125
9972.959797221,1399
9973.253121372,66
9973.294555263,125
10003.200751724,1399
10003.493903222,66
10003.535604225,125
10033.205726540,1399
10033.498396448,66
10033.539316832,125
10063.429928123,1399
10063.721945452,66
10063.763048892,125
10093.395100569,1399
10093.687062986,66
10093.728672515,125
10124.148127283,1399
10124.439934723,66
10124.481240698,125
10156.529595362,1399
10156.821434765,66
10156.862886974,125
10189.131749257,1399
10189.423691275,66
10189.465310668,125
10205.494817681,1398
10205.786690803,66
10206.353497389,125
10224.500814906,1399
10224.793459618,66
10224.834311986,125
10254.471058370,1399
10254.762934488,66
10254.804381752,125
10284.698817938,1399
10284.990645227,66
10285.031889903,125
10319.740554277,1399
10320.032321264,66
10320.073807877,125
10354.945151319,1399
10355.237136320,66
10355.279086746,125
10390.060576309,1399
10390.352389736,66
10390.393795648,125
10421.198168711,1399
10421.490138500,66
10421.531325042,125
10445.946367749,1398
10446.238678725,66
10446.902782898,125
10461.663732046,1399
10461.955831778,66
10461.996858087,125
10492.000772127,1399
10492.292877269,66
10492.336117416,125
10522.845655527,1399
10523.137581848,66
10523.179034044,125
10553.102611128,1399
10553.394368370,66
10553.436507974,125
10584.038365326,1399
10584.330484901,66
10584.371615821,125
10614.398867924,1399
10614.690682809,66
10614.732192145,125
10645.290819339,1399
10645.582654654,66
10645.627286846,125
10678.153001050,1399
10678.446437666,66
10678.487493256,125
10711.777333023,1399
10712.070676876,66
10712.111923049,125
10744.617901985,1399
10744.911163983,66
10744.952602649,125
10777.732633775,1399
10778.026099241,66
10778.067272766,125
10812.710044013,1399
10813.003164834,66
10813.045722045,125
10843.751772610,1399
10844.045381866,66
10844.086511915,125
10878.746430971,1399
10879.042679634,66
10879.084022225,125
10909.665555961,1399
10909.958748261,66
10910.000099425,125
10943.194031255,1399
10943.487210231,66
10943.528747490,125
10975.975337480,1399
10976.268835531,66
10976.310461891,125
11008.299057349,1399
11008.592289643,66
11008.633587432,125
11042.126840772,1399
11042.419985287,66
11042.461342842,125
11073.024352123,1399
11073.317691910,66
11073.358618207,125
11103.310917736,1399
11103.604333974,66
11103.645619531,125
11134.153010280,1399
11134.446307433,66
11134.486561516,125
11164.446221281,1399
11164.739549903,66
11164.780553432,125
11194.295688884,1399
11194.587306552,66
11194.627978815,125
11225.612065879,1399
11225.903913652,66
11225.944243805,125
11256.480315584,1399
11256.771932324,66
11256.812213184,125
11286.790294448,1399
11287.081869859,66
11287.122419879,125
11317.661500732,1399
11317.953540683,66
11317.993944800,125
11347.960641547,1399
11348.252181814,66
11348.292612629,125
11379.052541335,1399
11379.344148698,66
11379.384594475,125
11409.236398391,1399
11409.528001125,66
11409.568465460,125
11440.349549846,1399
11440.641177985,66
11440.681749911,125
11470.642875660,1399
11470.934583960,66
11470.975332146,125
11501.569930253,1399
11501.866199229,66
11501.901872404,125
11536.887576683,1399
11537.179163738,66
11537.219783871,125
11568.172113115,1399
11568.463887039,66
11568.509297520,125
11598.397546502,1399
11598.689180873,66
11598.732305562,125
11629.451071519,1399
11629.745619296,66
11629.786366809,125
11659.477427560,1399
11659.769430683,66
11659.809223194,125
11690.724213538,1399
11691.015809488,66
11691.056607730,125
11725.689169618,1397
11725.980841764,66
11726.021220180,125
11756.974888995,1399
11757.266363450,66
11757.307228217,125
11774.359346472,1398
11774.650936203,66
11775.450549758,125
11792.370272537,1399
11792.661882874,66
11792.702285440,125
11823.042227543,1399
11823.333899160,66
11823.374491883,125
11856.950326150,1399
11857.242034573,66
11857.282367458,125
11873.279047316,1398
11873.570733121,66
11874.279010120,125
11888.194160646,1399
11888.485824924,66
11888.526042045,125
11922.670175652,1399
11922.961716702,66
11923.002131807,125
11953.915001627,1399
11954.207259951,66
11954.247126993,125
11987.937163070,1399
11988.228925360,66
11988.270461598,125
12021.477774639,1399
12021.769362391,66
12021.810887871,125
12052.368090593,1399
12052.659537801,66
12052.701153999,125
12082.755205466,1399
12083.046858309,66
12083.087941492,125
12113.539608011,1399
12113.832599178,66
12113.874040221,125
12148.790877214,1399
12149.086796442,66
12149.124393140,125
12183.135251017,1399
12183.426887930,66
12183.468805413,125
12214.284594491,1399
12214.576045473,66
12214.617134383,125
12245.960262236,1399
12246.252244397,66
12246.293278268,125
12277.840173948,1399
12278.131878495,66
12278.173427601,125
12311.796019698,1399
12312.087739702,66
12312.128862152,125
12344.925016951,1399
12345.216796340,66
12345.258077191,125
12378.033666302,1399
12378.325366932,66
12378.366630822,125
12410.146946670,1399
12410.438630249,66
12410.480168995,125
12443.901940150,1399
12444.193592566,66
12444.235586014,125
12475.353851550,1399
12475.645486616,66
12475.686794271,125
12505.229839584,1399
12505.521347409,66
12505.562436044,125
12535.599616911,1399
12535.891333806,66
12535.932495045,125
12566.756850215,1399
12567.048408217,66
12567.090012631,125
12600.766860980,1399
12601.058832647,66
12601.100110215,125
12631.812158838,1399
12632.103745450,66
12632.145129675,125
12662.684440912,1399
12662.975993763,66
12663.017374064,125
12696.912443990,1399
12697.204040404,66
12697.245385989,125
12729.957019273,1399
12730.248730715,66
12730.290190038,125
12762.415954457,1399
12762.707737174,66
12762.749142660,125
12796.014408049,1399
12796.306053302,66
12796.347116501,125
12827.691246209,1399
12827.982842414,66
12828.024146063,125
12862.153206896,1399
12862.444822658,66
12862.486096997,125
12896.192698590,1399
12896.484498855,66
12896.525740036,125
12927.096746430,1332
12927.388679402,66
12927.775355979,125
12958.776199700,1332
12959.067771453,66
12959.109765133,125
12989.467623059,1265
12989.771449209,66
12989.911347304,124
13019.021935034,1265
13019.326143777,66
13019.367966082,124
13050.729265784,1265
13051.032780827,66
13051.073798076,124
13084.116022600,1265
13084.432504339,66
13084.468686184,124
13114.451976456,1265
13114.753400812,66
13114.793782231,124
13144.427694033,1265
13144.729649249,66
13144.769753390,124
13174.723239942,1265
13175.024807081,66
13175.069465687,124
13209.754924512,1265
13210.056438191,66
13210.097438959,124
13240.096042288,1265
13240.403300116,66
13240.442870035,124
13270.039124935,1265
13270.340121743,66
13270.381314597,124
13300.218850580,1265
13300.523435289,66
13300.562304874,124
13330.165394327,1265
13330.472144108,66
13330.511593483,124
13360.462758924,1265
13360.781585182,66
13360.822756799,124
13394.192795113,1265
13394.514091849,66
13394.554190756,124
13426.190766310,1265
13426.509957697,66
13426.549331003,124
13456.191195176,1265
13456.510589515,66
13456.552648001,124
13486.309756458,1265
13486.629935907,66
13486.670311165,124
13516.283748485,1265
13516.601609068,66
13516.645331348,124
13546.528692790,1265
13546.848304280,66
13546.888232268,124
13576.511686334,1265
13576.832394143,66
13576.871262258,124
13607.033085365,1265
13607.351364053,66
13607.394083289,124
13637.069434960,1265
13637.384954895,66
13637.425115098,124
13671.175252696,1265
13671.492415796,66
13671.534249810,124
13701.181136925,1265
13701.499863815,66
13701.541887529,124
13732.313627281,1265
13732.632118072,66
13732.673894892,124
13762.349627376,1265
13762.668613221,66
13762.709234636,124
13792.668285425,1265
13792.987109449,66
13793.030833864,124
13825.428152330,1265
13825.746499429,66
13825.786172054,124
13858.732144240,1263
13859.048285533,66
13859.086661884,124
13886.950216764,1331
13887.264980844,66
13887.960925169,125
13903.920409465,1332
13904.232879309,66
13904.277205160,125
13934.042092892,1332
13934.355103440,66
13934.397598973,125
13964.135123731,1332
13964.455393202,66
13964.496158222,125
13994.119410642,1332
13994.428867104,66
13994.470001167,125
14024.223049970,1332
14024.541263613,66
14024.582401607,125
14054.235383238,1332
14054.554289577,66
14054.596632289,125
14084.567550698,1332
14084.882374155,66
14084.925531660,125
14119.580328376,1332
14119.897553193,66
14119.939805943,125
14149.991138090,1332
14150.306909295,66
14150.349369151,125
14180.068835645,1332
14180.373368578,66
14180.417636925,125
14210.343637078,1332
14210.661450794,66
14210.705435325,125
14240.289329560,1332
14240.582519447,66
14240.624173397,125
14270.547914247,1332
14270.841283642,66
14270.882820194,125
14301.091690015,1332
14301.385612596,66
14301.426197407,125
14331.392896371,1332
14331.686153412,66
14331.727223294,125
14361.475395814,1332
14361.768521675,66
14361.809919298,125
14391.902469045,1332
14392.195454169,66
14392.236506252,125
14421.922585445,1332
14422.215610978,66
14422.256911721,125
14452.226036148,1332
14452.519460655,66
14452.559964194,125
14482.175129037,1332
14482.468750705,66
14482.509655913,125
14512.503444194,1332
14512.796113117,66
14512.837528768,125
14542.534624301,1332
14542.827606020,66
14542.868960854,125
14572.609749606,1332
14572.903812144,66
14572.945342971,125
14607.622771375,1332
14607.917867221,66
14607.957977404,125
14638.110076225,1332
14638.403943388,66
14638.445656687,125
14668.022349262,1332
14668.316158193,66
14668.362626547,125
14677.194853331,1331
14677.489168871,66
14678.258925077,125
14693.295956682,1332
14693.589773551,66
14693.631248668,125
14727.287617930,1332
14727.581366691,66
14727.622703565,125
14758.548710932,1332
14758.846362589,66
14758.887450480,125
14788.612483075,1332
14788.904856839,66
14788.946360540,125
14819.649030748,1332
14819.941458978,66
14819.982634697,125
14852.856058234,1332
14853.148623933,66
14853.189735422,125
14881.849501613,1331
14882.142153662,66
14882.619812963,125
14901.566838921,1332
14901.859316724,66
14901.900692826,125
14935.347742583,1332
14935.640571094,66
14935.681784915,125
14965.341579453,1332
14965.634392328,66
14965.675279453,125
14996.548687376,1332
14996.841343358,66
14996.882403873,125
15031.562293474,1332
15031.855393486,66
15031.896438877,125
15062.862306009,1332
15063.155104122,66
15063.195879624,125
15097.818431641,1332
15098.111131114,66
15098.152578216,125
15128.964173561,1332
15129.257855834,66
15129.299671710,125
15158.931980807,1332
15159.226008114,66
15159.267051498,125
15190.000832971,1332
15190.294773758,66
15190.336158809,125
15219.940296579,1332
15220.234248075,66
15220.275395040,125
15251.003364015,1332
15251.297476732,66
15251.338588296,125
15281.094390926,1332
15281.388179013,66
15281.430070271,125
15312.080902269,1332
15312.376844141,66
15312.415954402,125
15342.079362250,1332
15342.377250173,66
15342.415027009,125
15372.066045130,1332
15372.361533289,66
15372.401728256,125
15402.066982232,1332
15402.360857319,66
15402.402343705,125
15434.095170732,1332
15434.389244042,66
15434.430653376,125
15452.574165052,1398
15452.868588542,66
15453.537594821,125
15468.654752598,1399
15468.948725920,66
15468.989915282,125
15500.325972498,1399
15500.620135539,66
15500.662474363,125
15534.084921166,1399
15534.381667883,66
15534.420100795,125
15566.637077653,1399
15566.931129469,66
15566.972288313,125
15597.408233068,1399
15597.702441023,66
15597.743867729,125
15627.666483708,1399
15627.960391809,66
15628.001691508,125
15658.653595506,1397
15658.947528048,66
15658.988893722,125
15693.890899031,1399
15694.184745479,66
15694.226022120,125
15724.712075558,1399
15725.005961415,66
15725.047369716,125
15759.706548374,1399
15760.000692383,66
15760.042004425,125
15790.879543395,1399
15791.173206773,66
15791.214666749,125
15825.815803833,1399
15826.109505754,66
15826.151062844,125
15856.822771093,1399
15857.116886153,66
15857.157889220,125
15890.646320203,1399
15890.940160647,66
15890.982619135,125
15922.909577285,1399
15923.203540209,66
15923.245187983,125
15953.016936054,1331
15953.310977879,66
15953.974307746,125
15968.723601537,1332
15969.017281586,66
15969.058852450,125
16001.644897391,1332
16001.938841669,66
16001.980243405,125
16035.053487853,1399
16035.347359335,66
16035.388792397,125
16064.973490928,1399
16065.267245045,66
16065.308847413,125
16096.104291245,1399
16096.398140394,66
16096.439461011,125
16126.101094672,1399
16126.397091373,66
16126.436599852,125
16157.322448243,1399
16157.616728824,66
16157.657756983,125
16187.303836129,1399
16187.597821959,66
16187.641507845,125
16218.523204568,1399
16218.818590831,66
16218.858515396,125
16243.111568985,1331
16243.405191771,66
16243.974616716,125
16262.052308597,1332
16262.346353739,66
16262.387531037,125
16294.638821082,1330
16294.932613664,66
16294.974357145,125
16327.376929515,1332
16327.670921149,66
16327.712638354,125
16360.848423931,1332
16361.141639694,66
16361.182857763,125
16391.676014050,1332
16391.968837820,66
16392.010601888,125
16422.062191965,1332
16422.355164388,66
16422.396374185,125
16452.680237351,1332
16452.973040833,66
16453.014261896,125
16483.209203527,1332
16483.502482912,66
16483.543529107,125
16513.585091424,1332
16513.878110215,66
16513.918355887,125
16544.363831336,1332
16544.656673621,66
16544.697256546,125
16573.958829674,1332
16574.251861299,66
16574.292648977,125
16605.528937375,1332
16605.821969040,66
16605.861958781,125
16636.486008665,1332
16636.778792629,66
16636.819333665,125
16666.753986060,1332
16667.047381753,66
16667.087017248,125
16697.612821571,1332
16697.908315219,66
16697.947084500,125
16732.819380227,1399
16733.114291902,66
16733.153595296,125
16764.051007532,1399
16764.345266092,66
16764.385487480,125
16794.069198962,1399
16794.363784680,66
16794.403586027,125
16825.198980290,1399
16825.493414085,66
16825.533164822,125
16854.958019366,1399
16855.251687207,66
16855.292294910,125
16886.418497621,1399
16886.712313596,66
16886.752596735,125
16920.614518641,1399
16920.907215555,66
16920.948625377,125
16952.690729475,1399
16952.983280277,66
16953.024856163,125
16985.629553013,1399
16985.922836798,66
16985.963196628,125
17019.004463580,1399
17019.296726671,66
17019.338235951,125
17050.937357894,1399
17051.229791188,66
17051.271990909,125
17081.797499571,1331
17082.090342793,66
17082.661274870,125
17101.512529298,1332
17101.805232332,66
17101.846676478,125
17131.275529604,1332
17131.568040605,66
17131.609505394,125
17161.448609683,1332
17161.741155286,66
17161.782831260,125
17192.469787901,1332
17192.762207323,66
17192.803707498,125
17221.916553142,1332
17222.209208437,66
17222.250636037,125
17253.678194530,1332
17253.970034388,66
17254.011595902,125
17287.299873502,1332
17287.591448174,66
17287.632818152,125
17320.061628719,1332
17320.353438607,66
17320.394758319,125
17353.006924223,1332
17353.298386065,66
17353.340251375,125
17385.796603032,1332
17386.088259889,66
17386.129644924,125
17418.494017156,1332
17418.785758920,66
17418.827120560,125
17451.780509312,1332
17452.071981025,66
17452.113741905,125
17486.783634904,1332
17487.075137220,66
17487.116449996,125
17517.604772131,1332
17517.896444103,66
17517.939118918,125
17549.222610550,1332
17549.514395868,66
17549.555659470,125
17579.386713138,1332
17579.678734000,66
17579.720099214,125
17609.423906701,1332
17609.715658005,66
17609.757164043,125
17639.735777717,1399
17640.027570251,66
17640.069157208,125
17671.632194841,1398
17671.923740431,66
17672.595188279,125
17690.559466922,1399
17690.851095624,66
17690.892611005,125
17725.176086893,1399
17725.467666264,66
17725.509052274,125
17756.746773633,1399
17757.039209310,66
17757.080173373,125
17790.503939095,1399
17790.795964718,66
17790.836852029,125
17820.712350114,1399
17821.003887386,66
17821.045141152,125
17855.765896868,1399
17856.057581267,66
17856.098844242,125
17890.809209190,1399
17891.100949655,66
17891.142778851,125
17925.220362641,1399
17925.512253994,66
17925.553504027,125
17956.060564858,1399
17956.352364728,66
17956.395208227,125
17986.223683866,1399
17986.515685141,66
17986.556802356,125
18016.174947986,1399
18016.466622586,66
18016.508226943,125
18047.262134480,1399
18047.554354095,66
18047.595340020,125
18081.439163990,1399
18081.730756895,66
18081.772201178,125
18113.512733082,1399
18113.804284359,66
18113.845420947,125
18146.793625960,1399
18147.085064308,66
18147.126596686,125
18179.769700616,1399
18180.061170691,66
18180.102595565,125
18211.981770621,1399
18212.273269283,66
18212.314784816,125
18242.430985616,1399
18242.722537121,66
18242.763841722,125
18272.459600240,1399
18272.751074678,66
18272.793432859,125
18302.030681156,1399
18302.322205673,66
18302.364553399,125
18332.787364987,1399
18333.080711659,66
18333.120300228,125
18368.068447074,1399
18368.360032205,66
18368.401741775,125
18402.890960946,1399
18403.182678355,66
18403.224303593,125
18433.024156565,1399
18433.316037543,66
18433.356980418,125
18463.072786857,1399
18463.364503512,66
18463.405829273,125
18493.602076591,1399
18493.894661921,66
18493.935897860,125
18523.877218193,1399
18524.169699301,66
18524.211031820,125
18558.550543046,1399
18558.844320253,66
18558.885107411,125
18588.396366316,1399
18588.688932445,66
18588.730405922,125
18618.825200557,1399
18619.117681958,66
18619.160441698,125
18649.552118401,1399
18649.844665873,66
18649.886163296,125
18679.856451728,1399
18680.148979046,66
18680.190272443,125
18714.189056411,1399
18714.481482951,66
18714.522902018,125
18745.148103411,1399
18745.440503630,66
18745.481562079,125
18775.142066294,1399
18775.434576769,66
18775.475713650,125
18806.657630658,1399
18806.949877741,66
18806.991378941,125
18837.432304360,1399
18837.725045210,66
18837.766018427,125
18870.631787358,1399
18870.924533109,66
18870.967168755,125
18903.820805324,1399
18904.113292784,66
18904.155042743,125
18935.717659200,1399
18936.009996757,66
18936.051233196,125
18966.059551868,1399
18966.352052961,66
18966.393526709,125
18996.100340200,1399
18996.392526656,66
18996.433810702,125
19026.198313476,1399
19026.490661032,66
19026.532205611,125
19056.527560282,1399
19056.820484686,66
19056.861314654,125
19086.789063767,1399
19087.081324307,66
19087.122868826,125
19121.819884234,1399
19122.112178185,66
19122.153822491,125
19152.435846725,1399
19152.728237174,66
19152.770944796,125
19182.412334606,1399
19182.704620798,66
19182.746043754,125
19216.398365151,1399
19216.690945407,66
19216.731952740,125
19244.973599059,1398
19245.265861549,66
19245.537242289,125
19264.515220785,1399
19264.807594321,66
19264.848033364,125
19298.117464127,1399
19298.409942404,66
19298.451185837,125
19328.612072660,1399
19328.904340554,66
19328.944877843,125
19363.552597639,1399
19363.844919525,66
19363.885390775,125
19398.897483192,1399
19399.189877783,66
19399.230487993,125
19433.849912228,1399
19434.142202142,66
19434.182665564,125
19464.334717132,1399
19464.626883080,66
19464.667217725,125
19494.270185390,1399
19494.563089161,66
19494.603152099,125
19525.482678013,1399
19525.776027616,66
19525.815670887,125
19555.522297020,1399
19555.814667717,66
19555.854805735,125
19586.688900495,1399
19586.981303243,66
19587.021555393,125
19621.724579525,1399
19622.017070218,66
19622.057301191,125
19652.919106177,1399
19653.213865996,66
19653.251953717,125
19687.031359904,1399
19687.324044602,66
19687.364240623,125
19718.097310421,1399
19718.390082543,66
19718.430064060,125
19750.481033063,1399
19750.773314647,66
19750.816216184,125
19780.263044773,1399
19780.555463747,66
19780.596348962,125
19810.132032140,1399
19810.424415710,66
19810.464518915,125
19841.286807882,1399
19841.579369698,66
19841.619772787,125
19871.057361207,1399
19871.349824034,66
19871.389952348,125
19902.391732372,1399
19902.685094655,66
19902.724519686,125
19936.467672072,1399
19936.762005229,66
19936.801034037,125
19967.650245935,1399
19967.942619702,66
19967.985177616,125
19999.598145266,1399
19999.890906506,66
19999.931286217,125
20030.269391191,1399
20030.562719501,66
20030.602277859,125
20060.955091343,1399
20061.247793284,66
20061.287613083,125
20095.063981013,1399
20095.356993762,66
20095.396759839,125
20127.577475382,1399
20127.869771718,66
20127.910554921,125
20162.534335278,1399
20162.826817199,66
20162.867358404,125
20193.745872422,1399
20194.039481487,66
20194.078499845,125
20228.750369689,1399
20229.042772429,66
20229.083435858,125
20259.892081960,1399
20260.184301648,66
20260.224904501,125
20292.215021560,1399
20292.510358028,66
20292.547807364,125
20326.109439700,1399
20326.401733994,66
20326.442417774,125
20358.675331220,1399
20358.967659578,66
20359.008211442,125
20392.257157939,1399
20392.549470856,66
20392.590289353,125
20424.054869188,1399
20424.347110310,66
20424.388468020,125
20455.974873605,1399
20456.265103643,66
20456.306773258,125
20489.112814112,1399
20489.403373293,66
20489.444716144,125
20519.816720546,1399
20520.108416668,66
20520.149590875,125
20550.071134903,1399
20550.362715316,66
20550.403929682,125
20580.821176242,1399
20581.113020209,66
20581.154122333,125
20611.889342707,1399
20612.180963653,66
20612.222176909,125
20642.377527520,1399
20642.669315337,66
20642.710531872,125
20673.112024503,1399
20673.403641996,66
20673.445055211,125
20703.233273774,1399
20703.526926822,66
20703.568380854,125
20734.272483120,1399
20734.566063634,66
20734.606571348,125
20767.582018236,1399
20767.875420640,66
20767.915929795,125
20800.751697091,1399
20801.045397549,66
20801.085843693,125
20835.765186931,1399
20836.058766006,66
20836.099142682,125
20866.835230446,1399
20867.128073902,66
20867.168512789,125
20897.021077320,1399
20897.313881917,66
20897.354288235,125
20927.884811512,1399
20928.177648317,66
20928.218150479,125
20962.230532765,1399
20962.527869482,66
20962.563749166,125
20993.876322562,1399
20994.182913809,66
20994.227161398,125
21027.502372568,1399
21027.808279091,66
21027.846952470,125
21060.009177933,1399
21060.317314575,66
21060.358885039,125
21092.994200592,1399
21093.300342119,66
21093.341726130,125
21126.053064524,1399
21126.351113506,66
21126.392101588,125
21158.613148106,1399
21158.920961191,66
21158.961598892,125
21192.072038512,1399
21192.380192329,66
21192.420733660,125
21222.972144867,1399
21223.262650337,66
21223.303078855,125
21253.223195373,1399
21253.513947050,66
21253.554525207,125
21284.133445614,1399
21284.423935322,66
21284.464616674,125
21314.686078146,1399
21314.976795713,66
21315.017327364,125
21345.518137033,1399
21345.808603136,66
21345.850065128,125
21375.813556685,1399
21376.104014069,66
21376.145592851,125
21406.533906886,1399
21406.829044348,66
21406.870347164,125
21410.041793229,66
