31.056741638,74
31.350905307,66
31.362719805,276
31.657236811,66
31.658295222,66
31.658305721,74
31.951262408,66
31.951383807,148
32.285000626,66
32.285003469,66
32.285005836,66
32.285487839,148
32.619038223,66
32.619040935,168
32.997471394,66
38.948405425,66
38.948745617,168
39.325733573,66
71.142570727,66
71.142705082,168
71.517786963,66
104.088124551,66
104.088127303,168
104.462028579,66
137.266982213,66
137.266985017,168
137.642306476,66
169.178624963,66
169.178627768,168
169.554700246,66
203.322942673,66
203.322945613,168
203.699063826,66
218.780261587,66
218.780264384,168
220.003272779,66
238.569849304,66
238.569852074,168
238.943476192,66
269.887564095,66
269.887566984,168
270.263731577,66
285.271909766,66
285.271912626,168
286.071266266,66
300.229496549,66
300.229499282,168
300.602420225,66
329.977444347,66
329.977447072,168
330.353175587,66
360.042588870,66
360.042591630,168
360.416205891,66
390.894057978,66
390.894060871,168
391.266843241,66
420.940365035,66
420.940367961,168
421.353944421,66
451.132721449,66
451.132724211,168
451.528974548,66
481.162654851,66
481.162658187,168
481.560067500,66
492.143815364,66
492.143818150,168
492.539843966,66
511.285504060,66
511.285506889,168
511.683310461,66
541.372883016,66
541.372885928,168
541.770425505,66
571.432097802,66
571.432100573,168
571.829789834,66
601.425311302,66
601.425314104,168
601.825133091,66
631.869185372,66
631.869188208,168
632.268458569,66
666.642258857,66
666.642261581,168
667.043518511,66
701.821924224,66
701.821926910,168
702.218780225,66
736.805046136,66
736.805049184,168
737.201708072,66
771.952585864,66
771.952588709,168
772.473187655,168
772.873132403,66
804.914103707,66
804.914106618,168
805.312527260,66
805.805888792,78
837.297511468,66
837.297514225,168
837.699832856,66
867.450654762,66
867.450657491,168
867.987402216,168
868.387283968,66
897.489404854,66
897.489407637,168
897.886907134,66
927.246851573,66
927.246854411,168
927.642401583,66
958.143791945,66
958.143794823,168
958.542001102,66
988.294474951,66
988.294477796,168
988.693645833,66
1018.286349578,66
1018.286352327,168
1018.661218420,66
1048.610221248,66
1048.610224002,168
1048.984919679,66
1083.661260904,66
1083.661263702,168
1084.044581777,66
1118.979843872,66
1118.979846671,168
1119.356310621,66
1153.935720230,66
1153.935723007,168
1154.311967933,66
1184.087174957,66
1184.087178874,168
1184.467767718,66
1214.090344250,66
1214.090347056,168
1214.467532883,66
1244.495256599,66
1244.495259414,168
1244.871386964,66
1274.479489807,66
1274.479492627,168
1274.855241834,66
1305.532946309,66
1305.532949225,168
1305.915092204,66
1335.428282839,66
1335.428285823,168
1335.802987598,66
1361.196478089,66
1361.196480990,168
1362.214864815,66
1375.877308897,66
1375.877311667,168
1376.258775002,66
1405.961507545,66
1405.961510362,168
1406.342731535,66
1436.530212287,66
1436.530215127,168
1436.906669886,66
1466.518486581,66
1466.518489363,168
1466.894556555,66
1497.251051423,66
1497.251054266,168
1497.634465268,66
1527.191935495,66
1527.191938249,168
1527.570541108,66
1558.453004159,66
1558.453006883,168
1558.830455735,66
1588.436223692,66
1588.436226443,168
1588.814483830,66
1619.798783707,66
1619.798786469,168
1620.174473289,66
1652.510693515,66
1652.510696443,168
1652.890523010,66
1685.847578257,66
1685.847581164,168
1686.226501178,66
1687.540843757,66
1687.540846583,168
1688.106479776,66
1702.338603841,66
1702.338606696,168
1702.714489831,66
1732.005658560,66
1732.005661435,168
1732.382560313,66
1762.005775669,66
1762.005778363,168
1762.382543460,66
1793.446610412,66
1793.446613124,168
1793.822622886,66
1823.238373213,66
1823.238376006,168
1823.614674005,66
1854.427921763,66
1854.427924779,168
1854.806545336,66
1886.112973562,66
1886.112976259,168
1886.490521671,66
1920.683344170,66
1920.683347052,168
1921.062746454,66
1954.856823950,66
1954.856826746,168
1955.238659176,66
1986.681026862,66
1986.681029929,168
1987.058913479,66
2020.103319815,66
2020.103322565,168
2020.483089483,66
2052.711288523,66
2052.711299209,168
2053.091179957,66
2083.239894600,66
2083.239897642,168
2083.619271676,66
2113.511587840,66
2113.511590562,168
2113.887315686,66
2144.478301027,66
2144.478303601,168
2144.855209392,66
2174.690637324,66
2174.690640178,168
2175.067481691,66
2205.997067445,66
2205.997070113,168
2206.371623236,66
2227.669681828,66
2227.669684627,168
2228.043631152,66
2247.407449824,66
2247.407452612,168
2247.783790365,66
2277.345892865,66
2277.345895566,168
2277.719844799,66
2307.337915599,66
2307.337926742,168
2307.727924838,66
2338.697824989,66
2338.697835954,168
2339.071643654,66
2373.473182298,66
2373.473184993,168
2373.846868675,66
2404.603900899,66
2404.603903616,168
2404.978206489,66
2437.759843965,66
2437.759846828,168
2438.133592358,66
2470.730352416,66
2470.730355211,168
2471.109035008,66
2502.757625229,66
2502.757628013,168
2503.140425834,66
2537.250931898,66
2537.250934730,168
2537.627918297,66
2568.053995447,66
2568.053998177,168
2568.431482659,66
2598.314068285,66
2598.314070986,168
2598.691117649,66
2628.341915296,66
2628.341935849,168
2628.718705534,66
2659.485828394,66
2659.485831083,168
2659.866341915,66
2693.518067212,66
2693.518073166,168
2693.893958205,66
2725.613096173,66
2725.613098957,168
2725.993744539,66
2756.540417817,66
2756.540420501,168
2756.917633724,66
2786.875822895,66
2786.875825758,168
2787.253582765,66
2817.912708392,66
2817.912711231,168
2818.289468613,66
2848.311234407,66
2848.311241289,168
2848.689311684,66
2879.203767582,66
2879.203770266,168
2879.585228053,66
2909.523429249,66
2909.523431936,168
2909.901089359,66
2939.491558598,66
2939.491561347,168
2939.869220781,66
2970.281115576,66
2970.281120446,168
2970.657212205,66
3000.386965270,66
3000.386968092,168
3000.765058200,66
3031.453598537,66
3031.453601294,168
3031.829112163,66
3062.191255024,66
3062.191258436,168
3062.569027082,66
3092.195111853,66
3092.195114810,168
3092.576885345,66
3123.146794998,66
3123.146797876,168
3123.525064143,66
3153.594295750,66
3153.594302420,168
3153.973018356,66
3184.225048236,66
3184.225051036,168
3184.605049047,66
3214.450916325,66
3214.450919124,168
3214.828989531,66
3237.924848928,66
3237.924851694,168
3238.949057987,66
3255.708034974,66
3255.708037758,168
3256.085020417,66
3280.738910777,66
3280.738913496,168
3281.765012748,66
3296.583789678,66
3296.583793046,168
3296.960930117,66
3331.811656565,66
3331.811659466,168
3332.189099807,66
3366.715042654,66
3366.715045733,168
3367.101079638,66
3373.562669218,66
3373.562671974,168
3373.941087585,66
3393.550205940,66
3393.550208706,168
3393.925058418,66
3426.677914971,66
3426.677917836,168
3427.053091275,66
3450.180326325,66
3450.180329058,168
3450.557185107,66
3466.791244674,66
3466.791247377,168
3467.169059976,66
3500.010723348,66
3500.010726139,168
3500.385236863,66
3531.965500690,66
3531.965503477,168
3532.341238984,66
3566.159631017,66
3566.159633806,168
3566.533302969,66
3597.156570908,66
3597.156573719,168
3597.533351419,66
3627.422659141,66
3627.422661812,168
3627.797347032,66
3657.349653775,66
3657.349659837,168
3657.725437573,66
3688.623038138,66
3688.623040808,168
3688.997482709,66
3723.142059678,66
3723.142062367,168
3723.517533017,66
3754.763237287,66
3754.763240074,168
3755.145584120,66
3788.390155163,66
3788.390158048,168
3788.765595680,66
3821.032455962,66
3821.032458649,168
3821.405696223,66
3853.679701677,66
3853.679704716,168
3854.053755411,66
3884.009912311,66
3884.009915012,168
3884.385812540,66
3913.984319076,66
3913.984321826,168
3914.357726794,66
3944.210691757,66
3944.210694445,168
3944.585874502,66
3974.215098930,66
3974.215101747,168
3974.593865828,66
4004.317970511,66
4004.317977355,168
4004.693992382,66
4034.382973682,66
4034.382976426,168
4034.757980304,66
4064.836826672,66
4064.836829392,168
4065.214121993,66
4084.499597325,66
4084.499599999,168
4084.878092113,66
4099.233518188,66
4099.233520921,168
4099.610195879,66
4129.753777343,66
4129.753779956,168
4130.130220216,66
4159.767351488,66
4159.767354294,168
4160.146280615,66
4190.430357210,66
4190.430360104,168
4190.806375503,66
4220.428419063,66
4220.428421801,168
4220.806481377,66
4251.248852144,66
4251.248854928,168
4251.630403226,66
4281.247011242,66
4281.247013952,168
4281.626574894,66
4311.584704535,66
4311.584708565,168
4311.966591092,66
4346.263137743,66
4346.263140534,168
4346.638766078,66
4376.819963235,66
4376.819966059,168
4377.198745127,66
4406.823810783,66
4406.823813609,168
4407.202329947,66
4437.659732126,66
4437.659734937,168
4438.038069178,66
4468.567404924,66
4468.567407684,168
4468.945764261,66
4503.019904651,66
4503.019907411,168
4503.397546179,66
4535.151657577,66
4535.151660423,168
4535.525289370,66
4537.449493393,66
4537.449496249,168
4537.825133527,66
4553.210146148,66
4553.210148946,168
4553.585063339,66
4583.194669359,66
4583.194672126,168
4583.568845250,66
4613.386194896,66
4613.386197608,168
4613.760645119,66
4643.329632294,66
4643.329634927,168
4643.704453547,66
4673.674405347,66
4673.674408143,168
4674.048349478,66
4708.655828226,66
4708.655830954,168
4709.032099764,66
4738.846954153,66
4738.846956952,168
4739.219927224,66
4768.934230541,66
4768.934233670,168
4769.307906135,66
4799.109889432,66
4799.109892173,168
4799.483948875,66
4829.193066141,66
4829.193067684,168
4829.571997151,66
4859.441938967,66
4859.441941702,168
4859.823963036,66
4889.493526729,66
4889.493529646,168
4889.868071668,66
4919.813070147,66
4919.813072960,168
4920.188129293,66
4954.784163400,66
4954.784166094,168
4955.164144152,66
4985.136973643,66
4985.136976380,168
4985.512132656,66
5015.198987459,66
5015.198990189,168
5015.572210866,66
5045.309953805,66
5045.309954863,168
5045.684067503,66
5075.354354704,66
5075.354357412,168
5075.728122183,66
5105.564284839,66
5105.564291862,168
5105.940170409,66
5140.643157614,66
5140.643160374,168
5141.020418584,66
5175.881973212,66
5175.881976141,168
5176.256241118,66
5207.953651532,66
5207.953653563,168
5208.328253929,66
5241.212536149,66
5241.212540166,168
5241.588294367,66
5271.910976792,66
5271.910981487,168
5272.288362771,66
5306.852271276,66
5306.852274146,168
5307.228403324,66
5337.664660950,66
5337.664663643,168
5338.044427851,66
5372.555156643,66
5372.555160593,168
5372.932415935,66
5402.939059849,66
5402.939062656,168
5403.316459667,66
5437.951289472,66
5437.951294073,168
5438.328519993,66
5468.188101270,66
5468.188102430,168
5468.564513519,66
5498.162327594,66
5498.162334503,168
5498.540803684,66
5528.757402447,66
5528.757408535,168
5529.140605688,66
5563.784657395,66
5563.784660189,168
5564.160761092,66
5598.905795507,66
5598.905798320,168
5599.284687011,66
5630.173420553,66
5630.173427345,168
5630.552887882,66
5664.265489675,66
5664.265491086,168
5664.648717654,66
5694.465927037,66
5694.465934088,168
5694.844780797,66
5724.490183545,66
5724.490184709,168
5724.868999118,66
5754.860059903,66
5754.860062765,168
5755.236888088,66
5789.828648996,66
5789.828651735,168
5790.205049796,66
5820.379070205,66
5820.379076935,168
5820.756906861,66
5851.640718001,66
5851.640723994,168
5852.016929198,66
5876.593436681,66
5876.593443548,168
5877.596972068,66
5896.287419069,66
5896.287421822,168
5896.664971832,66
5926.325200591,66
5926.325203510,168
5926.701006005,66
5956.265236608,66
5956.265239373,168
5956.641059200,66
5986.254846067,66
5986.254848880,168
5986.633067462,66
6017.666887338,66
6017.666893322,168
6018.045098081,66
6052.483080245,66
6052.483082939,168
6052.865133339,66
6083.529695776,66
6083.529702765,168
6083.905176262,66
6113.594004303,66
6113.594010261,168
6113.973185507,66
6144.748851295,66
6144.748858052,168
6145.125223603,66
6176.940544588,66
6176.940552012,168
6177.321253337,66
6211.195105862,66
6211.195108628,168
6211.573438902,66
6242.135789674,66
6242.135792538,168
6242.513547524,66
6272.530475235,66
6272.530478130,168
6272.909355290,66
6302.478929287,66
6302.478932230,168
6302.857340303,66
6333.505494047,66
6333.505496864,168
6333.885573040,66
6364.224569244,66
6364.224572126,168
6364.601587407,66
6394.555333268,66
6394.555336060,168
6394.929662388,66
6425.406496770,66
6425.406499541,168
6425.781718199,66
6455.717989884,66
6455.717992870,168
6456.097646317,66
6486.792916358,66
6486.792919203,168
6487.169443047,66
6521.875724527,66
6521.875727194,168
6522.253643286,66
6552.997143684,66
6552.997146482,168
6553.373558016,66
6583.018859294,66
6583.018861937,168
6583.401376077,66
6613.858304285,66
6613.858306979,168
6614.233483046,66
6648.793577964,66
6648.793580605,168
6649.169534830,66
6679.791242208,66
6679.791249230,168
6680.165508177,66
6714.744063856,66
6714.744066695,168
6715.121549656,66
6746.121917944,66
6746.121920651,168
6746.497323962,66
6775.979441972,66
6775.979444866,168
6776.353489703,66
6807.109831902,66
6807.109834647,168
6807.485470730,66
6837.267942047,66
6837.267944747,168
6837.645480825,66
6868.239943457,66
6868.239946291,168
6868.617376541,66
6898.191107796,66
6898.191110624,168
6898.569589165,66
6929.446324741,66
6929.446327506,168
6929.821596543,66
6959.369544503,66
6959.369547255,168
6959.745458149,66
6990.491569473,66
6990.491572210,168
6990.869678383,66
7020.561943477,66
7020.561946174,168
7020.937691147,66
7051.714932745,66
7051.714935515,168
7052.093688263,66
7086.879801782,66
7086.879804539,168
7087.257694411,66
7117.857801475,66
7117.857808306,168
7118.233601058,66
7121.271039638,66
7121.271042529,168
7122.353828579,66
7130.313060603,66
7130.313063413,168
7131.441750738,66
7147.075360119,66
7147.075362896,168
7147.453774953,66
7178.836541987,66
7178.836544839,168
7179.213886681,66
7212.212593406,66
7212.212596337,168
7212.589832950,66
7245.191062134,66
7245.191064999,168
7245.565866633,66
7276.882499674,66
7276.882510910,168
7277.257843244,66
7311.382445755,66
7311.382456467,168
7311.757805097,66
7342.111951685,66
7342.111954449,168
7342.490041693,66
7372.460477945,66
7372.460480605,168
7372.842037737,66
7403.075610756,66
7403.075613651,168
7403.453994756,66
7433.688300040,66
7433.688302986,168
7434.065938348,66
7464.590931430,66
7464.590934396,168
7464.974107536,66
7499.908481447,66
7499.908484622,168
7500.286085738,66
7531.177554861,66
7531.177557662,168
7531.554157190,66
7561.209288600,66
7561.209291353,168
7561.586248512,66
7592.630638220,66
7592.630640959,168
7593.006122652,66
7600.203718815,66
7600.203725628,168
7601.058179468,66
7615.008305747,66
7615.008308617,168
7615.386225709,66
7648.252703485,66
7648.252706317,168
7648.630339497,66
7678.562423528,66
7678.562426300,168
7678.938366013,66
7709.399712382,66
7709.399715056,168
7709.774148787,66
7739.669599446,66
7739.669602133,168
7740.046189737,66
7770.675377248,66
7770.675380060,168
7771.050227693,66
7801.048701399,66
7801.048704384,168
7801.426475122,66
7832.155707957,66
7832.155710812,168
7832.530505786,66
7862.228772123,66
7862.228774972,168
7862.626456250,66
7893.100558441,66
7893.100565171,168
7893.502567444,66
7923.445593871,66
7923.445596611,168
7923.850558418,66
7954.241605925,66
7954.241608813,168
7954.762537957,168
7955.162562280,66
7984.687016889,66
7984.687019722,168
7985.202672152,168
7985.602555331,66
8015.460532445,66
8015.460535206,168
8015.838686584,66
8045.709194436,66
8045.709197195,168
8046.086660955,66
8076.450375544,66
8076.450378231,168
8076.850740314,66
8106.751368615,66
8106.751371453,168
8107.274747427,168
8107.278005202,78
8107.631548394,66
8124.249357184,66
8124.249359981,168
8124.790811918,168
8125.190732925,66
8125.909512788,78
8143.056032281,66
8143.056035087,168
8143.454808804,66
8176.777108398,66
8176.777111598,168
8177.174611508,66
8209.285798167,66
8209.285800954,168
8209.682862539,66
8241.991945427,66
8241.991948239,168
8242.366688211,66
8275.181595774,66
8275.181598521,168
8275.558828045,66
8307.339657328,66
8307.339660151,168
8307.714851180,66
8341.266568268,66
8341.266570903,168
8341.638934464,66
8373.015613714,66
8373.015616579,168
8373.390979472,66
8407.489417847,66
8407.489420701,168
8407.863001273,66
8438.669888797,66
8438.669891592,168
8439.066871069,66
8469.288527784,66
8469.288530550,168
8469.662889723,66
8499.252548854,66
8499.252551755,168
8499.626790016,66
8529.429560434,66
8529.429563148,168
8529.806974976,66
8559.443496285,66
8559.443499144,168
8559.818908667,66
8589.917155057,66
8589.917157811,168
8590.318889656,66
8624.849430249,66
8624.849433077,168
8625.250887694,66
8655.459037968,66
8655.459040711,168
8655.838857537,66
8685.427950426,66
8685.427953298,168
8685.806781427,66
8715.760471288,66
8715.760473930,168
8716.142751569,66
8749.228471890,66
8749.228474677,168
8749.738719167,168
8750.250721566,168
8750.650772009,66
8781.836490461,66
8781.836497278,168
8782.234752504,66
8815.698415271,66
8815.698418025,168
8816.102628572,66
8847.139182808,66
8847.139185581,168
8847.542668366,66
8881.929936506,66
8881.929939219,168
8882.306623369,66
8912.285722160,66
8912.285724898,168
8912.662464986,66
8943.050380923,66
8943.050383716,168
8943.426351250,66
8977.737702379,66
8977.737705086,168
8978.114143803,66
9009.062596143,66
9009.062599110,168
9009.438250581,66
9042.978747004,66
9042.978749638,168
9043.354173727,66
9073.557965334,66
9073.557968093,168
9073.938138380,66
9108.745458436,66
9108.745461174,168
9109.122103795,66
9143.739252857,66
9143.739255723,168
9144.118006520,66
9177.510572672,66
9177.510575531,168
9177.885919135,66
9208.966821952,66
9208.966824827,168
9209.341956322,66
9239.016959359,66
9239.016962115,168
9239.393869712,66
9269.127673459,66
9269.127676360,168
9269.505875693,66
9299.134771479,66
9299.134774258,168
9299.509826453,66
9329.541853382,66
9329.541856257,168
9329.917818430,66
9360.984961586,66
9360.984964287,168
9361.361571022,66
9395.403697348,66
9395.403700192,168
9395.781753180,66
9427.659118079,66
9427.659121106,168
9428.037659494,66
9460.044910766,66
9460.044913454,168
9460.421641023,66
9493.766870708,66
9493.766873496,168
9494.141693073,66
9525.246504896,66
9525.246507675,168
9525.625655232,66
9555.557568709,66
9555.557571625,168
9555.933435077,66
9590.630601239,66
9590.630606460,168
9591.005629302,66
9625.851415725,66
9625.851418531,168
9626.229585438,66
9660.873879422,66
9660.873884372,168
9661.249602392,66
9691.074564132,66
9691.074566899,168
9691.449582171,66
9721.051757641,66
9721.051760355,168
9721.429551075,66
9751.800609666,66
9751.800612431,168
9752.177530434,66
9785.934951901,66
9785.934954725,168
9786.309576750,66
9816.958226071,66
9816.958230899,168
9817.333533943,66
9850.467071381,66
9850.467074075,168
9850.845566901,66
9882.196316881,66
9882.196319680,168
9882.577335939,66
9911.979282427,66
9911.979293187,168
9912.361491221,66
9942.467277079,66
9942.467280047,168
9942.845500485,66
9972.959815135,66
9972.959817834,168
9973.337558940,66
10003.200769324,66
10003.200772076,168
10003.577511154,66
10033.205744688,66
10033.205747335,168
10033.581320614,66
10063.429947373,66
10063.429950123,168
10063.805462693,66
10093.395118301,66
10093.395121051,168
10093.769447622,66
10124.148145202,66
10124.148148129,168
10124.521338400,66
10156.529613722,66
10156.529616513,168
10156.905581148,66
10189.131768211,66
10189.131771211,168
10189.505579017,66
10205.494835350,66
10205.494838174,168
10206.397553838,66
10224.500843153,66
10224.500845962,168
10224.877446885,66
10254.471086247,66
10254.471089049,168
10254.845572879,66
10284.698835856,66
10284.698838549,168
10285.073523753,66
10319.740571876,66
10319.740574636,168
10320.117541746,66
10354.945169172,66
10354.945172020,168
10355.321560070,66
10390.060595082,66
10390.060597975,168
10390.441342685,66
10421.198181677,66
10421.198184344,168
10421.573588114,66
10445.946537579,66
10445.946539169,168
10446.945619441,66
10461.663750213,66
10461.663752960,168
10462.037570337,66
10492.000790092,66
10492.000792871,168
10492.377411050,66
10522.845673500,66
10522.845676236,168
10523.221407148,66
10553.102629609,66
10553.102632372,168
10553.477379289,66
10584.038551770,66
10584.038553392,168
10584.413349366,66
10614.399059638,66
10614.399065674,168
10614.777339861,66
10645.290982364,66
10645.290989145,168
10645.669319918,66
10678.153153515,66
10678.153159601,168
10678.529314257,66
10711.777506265,66
10711.777513129,168
10712.153281060,66
10744.618069902,66
10744.618071738,168
10744.993263551,66
10777.732812335,66
10777.732818407,168
10778.109379406,66
10812.710207450,66
10812.710213621,168
10813.093224872,66
10843.751947646,66
10843.751954437,168
10844.129439337,66
10878.746606121,66
10878.746612140,168
10879.125362943,66
10909.665573848,66
10909.665576495,168
10910.041349568,66
10943.194049235,66
10943.194051937,168
10943.569163718,66
10975.975355950,66
10975.975358723,168
10976.353224363,66
11008.299076274,66
11008.299079125,168
11008.677156915,66
11042.126859243,66
11042.126861928,168
11042.505083682,66
11073.024370324,66
11073.024373032,168
11073.400968325,66
11103.311112966,66
11103.311114640,168
11103.688956008,66
11134.153028222,66
11134.153030945,168
11134.528852246,66
11164.446239597,66
11164.446242343,168
11164.820771693,66
11194.295707161,66
11194.295709957,168
11194.668770216,66
11225.612083908,66
11225.612086634,168
11225.984659054,66
11256.480333769,66
11256.480336598,168
11256.852623481,66
11286.790312695,66
11286.790315482,168
11287.164622192,66
11317.661519335,66
11317.661522062,168
11318.036538601,66
11347.960659964,66
11347.960662727,168
11348.336599931,66
11379.052560225,66
11379.052562879,168
11379.428493328,66
11409.236418287,66
11409.236421003,168
11409.612461012,66
11440.349567947,66
11440.349570628,168
11440.724382328,66
11470.642894255,66
11470.642897202,168
11471.016482358,66
11501.569948440,66
11501.569951121,168
11501.948393237,66
11536.887595031,66
11536.887597798,168
11537.260337227,66
11568.172281634,66
11568.172284057,168
11568.552398087,66
11598.397564137,66
11598.397566885,168
11598.776292744,66
11629.451089227,66
11629.451091957,168
11629.828324724,66
11659.477487050,66
11659.477492136,168
11659.852206461,66
11690.724231361,66
11690.724234256,168
11691.100252658,66
11725.689187895,66
11725.689190753,168
11726.064231539,66
11756.974907239,66
11756.974909972,168
11757.352220770,66
11774.359364820,66
11774.359367506,168
11775.496260990,66
11792.370290194,66
11792.370292948,168
11792.744253961,66
11823.042245900,66
11823.042248741,168
11823.416131740,66
11856.950446593,66
11856.950453378,168
11857.324226880,66
11873.279065275,66
11873.279068321,168
11874.320215393,66
11888.194178965,66
11888.194181727,168
11888.568113262,66
11922.670194179,66
11922.670196923,168
11923.048189345,66
11953.915019675,66
11953.915022485,168
11954.288186125,66
11987.937196044,66
11987.937198966,168
11988.312071781,66
12021.477792740,66
12021.477795500,168
12021.852089645,66
12052.368108896,66
12052.368111610,168
12052.744141587,66
12082.755224234,66
12082.755226995,168
12083.128016565,66
12113.539626679,66
12113.539629439,168
12113.920084405,66
12148.791039728,66
12148.791046461,168
12149.167907543,66
12183.135279253,66
12183.135282132,168
12183.516030967,66
12214.284612649,66
12214.284615340,168
12214.659877682,66
12245.960280843,66
12245.960283565,168
12246.335874967,66
12277.840192215,66
12277.840195253,168
12278.216073004,66
12311.796038432,66
12311.796041182,168
12312.176068842,66
12344.925035417,66
12344.925038125,168
12345.300066955,66
12378.033684588,66
12378.033687359,168
12378.408000564,66
12410.146974798,66
12410.146977743,168
12410.523959672,66
12443.901958452,66
12443.901961154,168
12444.275960523,66
12475.353879317,66
12475.353882483,168
12475.728042561,66
12505.229858145,66
12505.229860931,168
12505.603955153,66
12535.599635144,66
12535.599637982,168
12535.976012518,66
12566.756868407,66
12566.756871257,168
12567.131921798,66
12600.766879210,66
12600.766881966,168
12601.147798082,66
12631.812176578,66
12631.812179319,168
12632.187906002,66
12662.684459152,66
12662.684461897,168
12663.059920415,66
12696.912461799,66
12696.912464506,168
12697.287985168,66
12729.957037837,66
12729.957040700,168
12730.331894995,66
12762.415972513,66
12762.415975136,168
12762.791970596,66
12796.014425599,66
12796.014428681,168
12796.391957319,66
12827.691264126,66
12827.691266777,168
12828.067959719,66
12862.153224879,66
12862.153227574,168
12862.527933415,66
12896.192716813,66
12896.192719520,168
12896.571992265,66
12927.096764393,66
12927.096767212,168
12927.816003176,66
12958.776217700,66
12958.776220437,168
12959.155910051,66
12989.467640954,66
12989.467643841,168
12989.951614078,66
13019.021953257,66
13019.021956104,168
13019.411517691,66
13050.729283753,66
13050.729286534,168
13051.115307235,66
13084.116181855,66
13084.116183149,168
13084.511033654,66
13114.451994395,66
13114.451997137,168
13114.834757366,66
13144.427712030,66
13144.427714676,168
13144.814792990,66
13174.723397754,66
13174.723398716,168
13175.110405446,66
13209.754939190,66
13209.754941209,168
13210.138484206,66
13240.096206651,66
13240.096212789,168
13240.486131941,66
13270.039321274,66
13270.039328105,168
13270.421986775,66
13300.218869135,66
13300.218871774,168
13300.605886645,66
13330.165427325,66
13330.165430228,168
13330.553702423,66
13360.462777307,66
13360.462780070,168
13360.865635331,66
13394.192946593,66
13394.192952776,168
13394.601512795,66
13426.190784438,66
13426.190787158,168
13426.589644404,66
13456.191361153,66
13456.191368005,168
13456.593520999,66
13486.309916179,66
13486.309922295,168
13486.713202948,66
13516.283897266,66
13516.283904059,168
13516.689094501,66
13546.528700860,66
13546.528701924,168
13546.929264548,66
13576.511733581,66
13576.511736498,168
13576.913102332,66
13607.033245767,66
13607.033249138,168
13607.436874416,66
13637.069593623,66
13637.069596556,168
13637.468740087,66
13671.175441309,66
13671.175444169,168
13671.576662068,66
13701.181299025,66
13701.181302248,168
13701.584832306,66
13732.313781418,66
13732.313787410,168
13732.716558864,66
13762.349775977,66
13762.349778987,168
13762.752612228,66
13792.668450612,66
13792.668456995,168
13793.072429669,66
13825.428335695,66
13825.428342496,168
13825.828351510,66
13858.732322149,66
13858.732325612,168
13859.128521934,66
13886.950235274,66
13886.950238139,168
13888.004368286,66
13903.920559383,66
13903.920567452,168
13904.320387017,66
13934.042254253,66
13934.042260264,168
13934.440152243,66
13964.135294662,66
13964.135300898,168
13964.540066494,66
13994.119428684,66
13994.119431347,168
13994.512248445,66
14024.223209699,66
14024.223215738,168
14024.624008174,66
14054.235561126,66
14054.235564212,168
14054.640153889,66
14084.567568623,66
14084.567571334,168
14084.967852841,66
14119.580495166,66
14119.580501359,168
14119.983844178,66
14149.991314535,66
14149.991317349,168
14150.391754664,66
14180.068992076,66
14180.068994923,168
14180.459710236,66
14210.343811380,66
14210.343814322,168
14210.747847686,66
14240.289484526,66
14240.289487787,168
14240.667628311,66
14270.548098254,66
14270.548101083,168
14270.923795433,66
14301.091845663,66
14301.091851818,168
14301.467779798,66
14331.393056644,66
14331.393059519,168
14331.767713857,66
14361.475564625,66
14361.475571446,168
14361.851739077,66
14391.902487035,66
14391.902489902,168
14392.279429237,66
14421.922603767,66
14421.922606547,168
14422.299394286,66
14452.226054636,66
14452.226057248,168
14452.603395472,66
14482.175147113,66
14482.175150125,168
14482.551581766,66
14512.503462415,66
14512.503465168,168
14512.879499929,66
14542.534643374,66
14542.534646422,168
14542.911488088,66
14572.609793359,66
14572.609796665,168
14572.987477776,66
14607.622789382,66
14607.622792252,168
14607.999442808,66
14638.110094078,66
14638.110096855,168
14638.487215251,66
14668.022367306,66
14668.022370027,168
14668.406965291,66
14677.194871273,66
14677.194873972,168
14678.302892790,66
14693.295974762,66
14693.295977570,168
14693.674695692,66
14727.287636355,66
14727.287639354,168
14727.670485003,66
14758.548729203,66
14758.548732046,168
14758.930262699,66
14788.612501218,66
14788.612504034,168
14788.990084925,66
14819.649048759,66
14819.649051519,168
14820.025885860,66
14852.856076450,66
14852.856079091,168
14853.233638720,66
14881.849519909,66
14881.849522722,168
14882.661424954,66
14901.566856774,66
14901.566859538,168
14901.941367872,66
14935.347760974,66
14935.347763843,168
14935.725149395,66
14965.341597872,66
14965.341600523,168
14965.717021004,66
14996.548705689,66
14996.548708400,168
14996.924895979,66
15031.562311501,66
15031.562314604,168
15031.936963249,66
15062.862323960,66
15062.862326877,168
15063.241226529,66
15097.818449167,66
15097.818452266,168
15098.193474762,66
15128.964191649,66
15128.964194440,168
15129.341599723,66
15158.931998769,66
15158.932001420,168
15159.309763285,66
15190.000982656,66
15190.000988631,168
15190.377896609,66
15219.940314392,66
15219.940317215,168
15220.318110259,66
15251.003382407,66
15251.003385153,168
15251.382177488,66
15281.094408794,66
15281.094411571,168
15281.470319451,66
15312.080920191,66
15312.080922894,168
15312.458357806,66
15342.079380312,66
15342.079383028,168
15342.458482301,66
15372.066063113,66
15372.066066001,168
15372.446458110,66
15402.067146325,66
15402.067152319,168
15402.442648599,66
15434.095333894,66
15434.095339984,168
15434.470855863,66
15452.574183851,66
15452.574186679,168
15453.578848314,66
15468.654770702,66
15468.654773492,168
15469.034712660,66
15500.325990640,66
15500.325993459,168
15500.703019679,66
15534.084939568,66
15534.084942318,168
15534.463081872,66
15566.637095523,66
15566.637098203,168
15567.015178888,66
15597.408395867,66
15597.408401960,168
15597.787272618,66
15627.666493449,66
15627.666494603,168
15628.043242809,66
15658.653624564,66
15658.653627352,168
15659.031273472,66
15693.890917067,66
15693.890919827,168
15694.267424073,66
15724.712211851,66
15724.712217783,168
15725.087274287,66
15759.706566936,66
15759.706569712,168
15760.083473420,66
15790.879562197,66
15790.879564940,168
15791.255533818,66
15825.815822058,66
15825.815824744,168
15826.191573014,66
15856.822789685,66
15856.822792561,168
15857.199664372,66
15890.646338662,66
15890.646341419,168
15891.023707977,66
15922.909595844,66
15922.909598706,168
15923.287774987,66
15953.017101578,66
15953.017108351,168
15954.015613993,66
15968.723619442,66
15968.723622186,168
15969.099637093,66
16001.644914932,66
16001.644917879,168
16002.023853751,66
16035.053651485,66
16035.053658291,168
16035.431860534,66
16064.973705946,66
16064.973713109,168
16065.351795218,66
16096.104465389,66
16096.104471417,168
16096.479962526,66
16126.101269209,66
16126.101271149,168
16126.483959707,66
16157.322614951,66
16157.322618177,168
16157.703970262,66
16187.303999097,66
16187.304005196,168
16187.688054125,66
16218.523223054,66
16218.523225729,168
16218.899989297,66
16243.111587380,66
16243.111590049,168
16244.016024871,66
16262.052319601,66
16262.052320932,168
16262.428094804,66
16294.638988037,66
16294.638991252,168
16295.015923723,66
16327.377095923,66
16327.377102610,168
16327.755927702,66
16360.848588296,66
16360.848594487,168
16361.224126945,66
16391.676032415,66
16391.676035131,168
16392.052097485,66
16422.062209843,66
16422.062212488,168
16422.439986026,66
16452.680255394,66
16452.680258216,168
16453.056135051,66
16483.209370451,66
16483.209376459,168
16483.584153914,66
16513.585246928,66
16513.585253875,168
16513.960154255,66
16544.363861637,66
16544.363864547,168
16544.740021322,66
16573.958847529,66
16573.958850363,168
16574.336272899,66
16605.528956618,66
16605.528959796,168
16605.904006452,66
16636.486026876,66
16636.486029634,168
16636.860057221,66
16666.754004096,66
16666.754006805,168
16667.128295851,66
16697.612840079,66
16697.612842846,168
16697.988544581,66
16732.819398306,66
16732.819401095,168
16733.197082154,66
16764.051176834,66
16764.051182821,168
16764.429444519,66
16794.069378270,66
16794.069385042,168
16794.445607032,66
16825.199190721,66
16825.199197688,168
16825.573919883,66
16854.958038654,66
16854.958041399,168
16855.334179103,66
16886.418526231,66
16886.418529020,168
16886.794659635,66
16920.614546695,66
16920.614549555,168
16920.990831840,66
16952.690747752,66
16952.690750469,168
16953.067184748,66
16985.629571440,66
16985.629574421,168
16986.003390999,66
17019.004481662,66
17019.004484406,168
17019.379509274,66
17050.937376053,66
17050.937378851,168
17051.315771475,66
17081.797518404,66
17081.797521110,168
17082.703481200,66
17101.512685025,66
17101.512691822,168
17101.891540178,66
17131.275547611,66
17131.275550566,168
17131.651423034,66
17161.448791957,66
17161.448799598,168
17161.823336274,66
17192.469806834,66
17192.469809646,168
17192.847039430,66
17221.916715234,66
17221.916721235,168
17222.291157513,66
17253.678360896,66
17253.678367742,168
17254.054950515,66
17287.299892518,66
17287.299895482,168
17287.674731932,66
17320.061802823,66
17320.061808853,168
17320.438757977,66
17353.007077170,66
17353.007079978,168
17353.382503098,66
17385.796744806,66
17385.796755289,168
17386.170526525,66
17418.494180354,66
17418.494182249,168
17418.870370013,66
17451.780527480,66
17451.780530222,168
17452.154456057,66
17486.783653597,66
17486.783656593,168
17487.158224393,66
17517.604933939,66
17517.604940499,168
17517.982199847,66
17549.222759046,66
17549.222765789,168
17549.598304881,66
17579.386885966,66
17579.386892005,168
17579.762166741,66
17609.424051802,66
17609.424058608,168
17609.798189181,66
17639.735812967,66
17639.735815928,168
17640.110198444,66
17671.632213255,66
17671.632216114,168
17672.638084465,66
17690.559635859,66
17690.559642659,168
17690.934135273,66
17725.176262449,66
17725.176265738,168
17725.549987935,66
17756.746961702,66
17756.746968488,168
17757.121826830,66
17790.504114758,66
17790.504117514,168
17790.881793655,66
17820.712501104,66
17820.712507064,168
17821.085846036,66
17855.766112296,66
17855.766114813,168
17856.141867894,66
17890.809499163,66
17890.809509747,168
17891.185804202,66
17925.220380663,66
17925.220383716,168
17925.593748985,66
17956.060734029,66
17956.060740061,168
17956.437818934,66
17986.223848145,66
17986.223854951,168
17986.597785094,66
18016.175115736,66
18016.175121708,168
18016.549628936,66
18047.262306592,66
18047.262308083,168
18047.637554630,66
18081.439181895,66
18081.439184620,168
18081.817675571,66
18113.512750825,66
18113.512753769,168
18113.885681276,66
18146.793661771,66
18146.793664698,168
18147.169633739,66
18179.769877895,66
18179.769884678,168
18180.149665306,66
18211.981937666,66
18211.981944479,168
18212.357598348,66
18242.430999400,66
18242.431002131,168
18242.805631484,66
18272.459819388,66
18272.459827110,168
18272.837637608,66
18302.030853212,66
18302.030860000,168
18302.405598323,66
18332.787384199,66
18332.787386910,168
18333.161432870,66
18368.068465610,66
18368.068468373,168
18368.445435610,66
18402.891125004,66
18402.891131735,168
18403.265578272,66
18433.024329736,66
18433.024336930,168
18433.397464757,66
18463.072961894,66
18463.072968836,168
18463.449413986,66
18493.602296013,66
18493.602298141,168
18493.977453193,66
18523.877236618,66
18523.877239264,168
18524.253442505,66
18558.550703289,66
18558.550710118,168
18558.925457452,66
18588.396545188,66
18588.396552304,168
18588.773546078,66
18618.825339364,66
18618.825340702,168
18619.201414380,66
18649.552305419,66
18649.552316351,168
18649.929394992,66
18679.856612775,66
18679.856614589,168
18680.237405699,66
18714.189075122,66
18714.189077865,168
18714.565419125,66
18745.148274845,66
18745.148281820,168
18745.525349889,66
18775.142233330,66
18775.142237224,168
18775.517422906,66
18806.657649714,66
18806.657652760,168
18807.033198940,66
18837.432323592,66
18837.432326495,168
18837.809305327,66
18870.631905098,66
18870.631910140,168
18871.009179982,66
18903.820986133,66
18903.820993042,168
18904.197010133,66
18935.717780930,66
18935.717787660,168
18936.092964847,66
18966.059570029,66
18966.059572737,168
18966.437060061,66
18996.100359046,66
18996.100361747,168
18996.476863388,66
19026.198331599,66
19026.198334635,168
19026.572930171,66
19056.527716545,66
19056.527718920,168
19056.908747543,66
19086.789246026,66
19086.789256954,168
19087.164752479,66
19121.820048619,66
19121.820056643,168
19122.197017203,66
19152.436050340,66
19152.436057340,168
19152.813060973,66
19182.412352457,66
19182.412355512,168
19182.789201506,66
19216.398525411,66
19216.398532220,168
19216.773355962,66
19244.973837150,66
19244.973840194,168
19245.577508602,66
19264.515239297,66
19264.515242371,168
19264.889601722,66
19298.117482199,66
19298.117484965,168
19298.493880002,66
19328.612281692,66
19328.612289194,168
19328.986025320,66
19363.552616014,66
19363.552618681,168
19363.925999316,66
19398.897660088,66
19398.897666875,168
19399.274226796,66
19433.850086821,66
19433.850093814,168
19434.226407540,66
19464.334735191,66
19464.334737887,168
19464.710478881,66
19494.270354068,66
19494.270359645,168
19494.646604829,66
19525.482696006,66
19525.482698832,168
19525.862681245,66
19555.522314798,66
19555.522317669,168
19555.898765036,66
19586.688935055,66
19586.688937930,168
19587.062688022,66
19621.724613272,66
19621.724616305,168
19622.102803789,66
19652.919272647,66
19652.919279436,168
19653.295011395,66
19687.031492633,66
19687.031497738,168
19687.407114704,66
19718.097473546,66
19718.097478552,168
19718.470985061,66
19750.481052091,66
19750.481054839,168
19750.859217680,66
19780.263063105,66
19780.263065934,168
19780.639292607,66
19810.132060955,66
19810.132063835,168
19810.507358037,66
19841.286979810,66
19841.286987239,168
19841.663344610,66
19871.057467012,66
19871.057473742,168
19871.431446598,66
19902.391760710,66
19902.391763584,168
19902.771477418,66
19936.467873663,66
19936.467880517,168
19936.843433325,66
19967.650264060,66
19967.650266959,168
19968.031639378,66
19999.598316977,66
19999.598323776,168
19999.971671973,66
20030.269409172,66
20030.269411918,168
20030.643590341,66
20060.955109822,66
20060.955112777,168
20061.327596992,66
20095.064105268,66
20095.064111123,168
20095.439824638,66
20127.577638943,66
20127.577645260,168
20127.951714017,66
20162.534396565,66
20162.534401562,168
20162.907850818,66
20193.745890663,66
20193.745893479,168
20194.119924875,66
20228.750523979,66
20228.750531128,168
20229.123856340,66
20259.892100105,66
20259.892102911,168
20260.268027817,66
20292.215178361,66
20292.215185706,168
20292.588081046,66
20326.109605196,66
20326.109611930,168
20326.484151853,66
20358.675349185,66
20358.675351884,168
20359.052150913,66
20392.257321619,66
20392.257324970,168
20392.632163297,66
20424.054887414,66
20424.054890148,168
20424.432081358,66
20455.975033506,66
20455.975038367,168
20456.348213089,66
20489.112985243,66
20489.112991987,168
20489.488293773,66
20519.816995088,66
20519.817006040,168
20520.192341549,66
20550.071152570,66
20550.071155300,168
20550.444339038,66
20580.821345232,66
20580.821352006,168
20581.196368720,66
20611.889370269,66
20611.889373078,168
20612.264433075,66
20642.377559871,66
20642.377562991,168
20642.752281742,66
20673.112207967,66
20673.112213902,168
20673.488265767,66
20703.233292926,66
20703.233295725,168
20703.612441737,66
20734.272644526,66
20734.272653088,168
20734.648500454,66
20767.582036844,66
20767.582039651,168
20767.956364658,66
20800.751715671,66
20800.751718863,168
20801.128419725,66
20835.765214919,66
20835.765217756,168
20836.140430216,66
20866.835249335,66
20866.835252099,168
20867.216532887,66
20897.021096251,66
20897.021099257,168
20897.396641896,66
20927.884979581,66
20927.884987299,168
20928.260582309,66
20962.230550333,66
20962.230553130,168
20962.604599759,66
20993.876340160,66
20993.876346398,168
20994.268594065,66
21027.502552018,66
21027.502558138,168
21027.888696324,66
21060.009225024,66
21060.009228617,168
21060.400567698,66
21092.994219067,66
21092.994221870,168
21093.384717496,66
21126.053220299,66
21126.053227114,168
21126.432615154,66
21158.613175738,66
21158.613178494,168
21159.008726795,66
21192.072056420,66
21192.072059512,168
21192.464551035,66
21222.972162502,66
21222.972165219,168
21223.344653513,66
21253.223382066,66
21253.223388979,168
21253.596489357,66
21284.133463590,66
21284.133466410,168
21284.508471029,66
21314.686234505,66
21314.686242213,168
21315.060547631,66
21345.518165277,66
21345.518168040,168
21345.892422902,66
21375.813574916,66
21375.813577723,168
21376.188390358,66
21406.533924689,66
21406.533927378,168
21406.912496563,66
21409.751041979,66
21410.041811347,66
