1.507278,323
1.773655,122
12.539580,86
13.861214,323
14.080004,122
14.761786,122
19.240154,323
19.459637,122
21.461205,323
21.680462,122
22.442126,323
22.669263,122
32.547400,323
32.819757,122
40.701152,323
40.919205,122
44.926132,323
45.145148,122
47.563268,323
47.783812,122
49.948379,323
50.221608,122
57.443582,323
57.662149,122
58.350188,323
58.569307,122
64.662488,323
64.881548,122
65.223618,323
65.461226,122
73.724835,323
73.943869,122
83.505444,86
90.850837,323
91.122379,122
96.773440,122
99.020560,323
99.293014,122
99.721682,323
99.941668,122
103.481765,323
103.752811,122
105.003646,323
105.223474,122
106.897439,323
107.117676,122
116.497534,86
117.882657,323
118.100926,122
120.787268,323
121.007160,122
123.097651,323
123.316017,122
129.631432,323
129.850084,122
138.011335,145
138.011336,145
147.578583,86
150.608883,323
150.828388,122
155.245907,323
155.464373,122
157.364682,122
162.992901,323
163.212244,122
167.141299,323
167.360037,122
177.388121,86
178.777856,122
185.576288,323
185.794730,122
187.582250,323
187.804213,122
193.593602,323
193.813059,122
201.490367,323
201.761919,122
210.648042,323
210.867681,122
210.889390,323
211.150303,122
214.048260,122
224.091697,86
228.320113,130
228.448740,122
228.448741,285
228.859447,122
228.860337,122
228.861238,122
228.862015,122
228.863025,122
228.864132,122
228.864629,248
229.133816,534
229.459066,153
229.459067,122
229.459067,122
229.913938,323
230.175842,122
235.559708,323
235.813778,122
237.139445,323
237.359053,122
246.530361,86
249.531617,323
249.750152,122
250.022841,323
250.241118,122
256.230896,323
256.498670,122
260.753104,122
263.572486,323
263.791459,122
263.985636,323
264.216874,122
273.061071,323
273.279966,122
273.869777,323
274.089147,122
276.061622,323
276.280421,122
278.481668,323
278.700540,122
289.374268,86
292.636747,323
292.939708,122
302.863379,86
304.123162,323
304.342267,122
307.157654,323
307.376818,122
317.056599,86
326.697324,86
331.296317,323
331.516214,122
337.403816,323
337.623448,122
342.767787,122
344.816175,323
345.035775,122
351.823264,323
352.042299,122
353.411219,323
353.630021,122
363.768213,86
363.776040,323
364.049472,122
371.466034,122
374.250529,323
374.469732,122
375.084560,323
375.303414,122
379.254666,323
379.473912,122
382.976637,323
383.195531,122
392.495225,86
402.517784,86
410.746517,323
410.939233,323
410.965302,122
411.183050,122
420.510480,86
424.757656,122
425.210020,323
425.429129,122
427.374884,323
427.594428,122
435.577674,323
435.796974,122
438.009778,145
438.009779,145
444.246824,323
444.472824,122
453.073957,323
453.303783,122
453.662227,323
453.887755,122
455.325630,323
455.595373,122
456.985688,323
457.210874,122
459.432273,323
459.657935,122
461.014236,323
461.241738,122
470.716999,86
472.852010,323
473.077886,122
480.814215,323
481.039597,122
491.132399,86
494.669353,323
494.895318,122
501.943838,323
502.169812,122
502.192302,323
502.459872,122
505.541754,323
505.808421,122
506.751636,122
506.928342,323
507.154263,122
510.046517,323
510.272305,122
516.451539,323
516.677683,122
523.138240,323
523.312457,323
523.364035,122
523.588361,122
526.003370,323
526.229082,122
527.618891,323
527.844160,122
528.318268,130
528.454183,122
528.454184,285
528.863427,122
528.864383,122
528.865411,122
528.866413,122
528.867455,122
528.868491,122
528.869041,248
529.141163,534
529.484445,153
529.484446,122
538.484420,323
538.756634,122
539.504638,323
539.730376,122
540.192220,323
540.418113,122
549.896929,86
555.261245,323
555.494045,122
556.966054,323
557.192431,122
562.061809,323
562.228614,323
562.341835,122
562.568088,122
568.593752,323
568.870476,122
569.066950,323
569.292476,122
571.529117,323
571.755146,122
581.501375,86
582.100677,323
582.326421,122
586.478937,323
586.705104,122
588.740639,323
588.756769,122
588.981368,122
598.430842,86
600.916825,323
601.142420,122
605.024233,323
605.250189,122
606.752474,323
606.978508,122
616.335153,323
616.563173,122
618.707041,323
618.932691,122
629.283372,86
636.723144,323
636.949230,122
647.298722,86
652.782412,323
653.008325,122
660.909518,323
661.135078,122
662.537659,323
662.763804,122
663.421351,323
663.649351,122
670.760042,122
677.957098,323
678.183935,122
687.779827,86
696.692463,323
696.919038,122
701.814077,323
702.040515,122
711.739170,86
714.240746,323
714.466491,122
719.933134,323
720.159136,122
729.711904,86
738.007958,145
738.007959,145
747.404163,323
747.630071,122
748.314190,323
748.540390,122
752.752783,122
762.704118,86
767.288602,146
776.502002,86
777.822887,323
778.117627,122
781.685983,323
781.912043,122
785.434199,323
785.660828,122
796.180194,86
802.689063,323
802.915740,122
805.941223,323
806.167266,122
810.318491,323
810.544761,122
811.549959,122
821.618338,86
823.649634,323
823.875584,122
826.127588,323
826.353033,122
828.316492,130
828.452651,122
828.452695,285
828.887757,122
828.888724,122
828.889707,122
828.890794,122
828.891833,122
828.892888,122
828.893317,248
829.178128,534
829.520288,153
829.520289,122
831.911883,323
832.138172,122
832.541979,323
832.767932,122
832.953431,323
833.178567,122
834.585480,323
834.759264,122
834.984110,122
836.292037,323
836.517737,122
846.923936,86
850.773532,323
850.999291,122
851.223763,122
854.010805,323
854.236479,122
863.492950,86
868.326704,323
868.552672,122
872.157305,323
872.383309,122
876.467719,323
876.719999,122
882.687193,323
882.913057,122
887.595226,323
887.872401,122
891.281952,323
891.508180,122
894.244333,323
894.470262,122
896.121073,323
896.403197,122
901.852188,323
902.078679,122
904.558224,323
904.781230,323
904.784163,122
905.060880,122
905.784557,323
906.011142,122
915.551235,86
916.782132,122
927.157062,86
932.887182,323
933.113721,122
936.204186,122
945.623412,86
946.144191,323
946.369703,122
947.052565,323
947.272657,323
947.279582,122
947.504508,122
958.231603,86
967.592138,86
972.828829,323
973.054364,122
975.020746,323
975.246827,122
984.489883,86
987.546359,323
987.771689,122
988.663454,323
988.889437,122
990.391461,323
990.617350,122
998.753624,122
1009.233793,86
1010.942606,323
1011.169660,122
1012.399845,323
1012.626471,122
1022.546246,86
1023.757072,323
1023.983054,122
1029.629730,323
1029.855771,122
1031.596164,323
1031.821507,122
1038.007781,145
1038.007782,145
1039.899663,323
1040.125206,122
1049.914131,86
1052.226159,323
1052.452891,122
1062.994172,86
1072.768167,86
1074.557896,323
1074.784019,122
1080.752419,122
1082.136280,323
1082.362959,122
1085.846195,323
1086.072288,122
1091.449094,323
1091.674930,122
1096.611875,323
1096.837138,122
1106.638598,323
1106.864523,122
1109.927258,323
1110.153196,122
1112.056287,323
1112.282467,122
1116.716732,323
1116.942220,122
1120.382606,323
1120.650295,122
1127.896411,323
1128.122521,122
1128.314664,130
1128.450347,122
1128.450348,285
1128.888494,122
1128.889282,122
1128.890328,122
1128.891337,122
1128.892421,122
1128.893508,122
1128.894034,248
1129.057922,323
1129.180441,534
1129.283824,122
1129.529583,153
1129.529584,122
1129.529853,122
1139.256546,323
1139.450842,323
1139.482291,122
1139.706917,122
1150.241541,86
1152.736759,323
1152.963018,122
1154.809567,323
1155.035834,122
1162.759868,122
1165.679152,323
1165.905390,122
1166.241434,323
1166.470163,122
1175.774833,323
1176.001068,122
1184.423209,323
1184.648933,122
1187.581999,323
1187.807644,122
1187.961538,323
1188.187254,122
1191.397684,323
1191.653423,122
1191.760135,323
1191.986162,122
1192.577854,323
1192.803819,122
1194.317252,323
1194.543336,122
1204.044359,323
1204.323814,122
1209.813144,323
1210.039810,122
1211.798090,323
1212.024236,122
1215.787462,323
1216.064892,122
1225.720002,86
1232.449180,323
1232.674203,122
1238.408383,323
1238.636785,122
1244.754867,122
1254.490983,86
1262.276470,323
1262.559139,122
1272.558749,323
1272.785131,122
1272.827042,323
1273.053400,122
1274.473200,323
1274.699201,122
1285.198138,86
1289.403214,323
1289.629038,122
1290.812407,323
1291.038174,122
1293.987196,323
1294.141442,323
1294.213135,122
1294.437703,122
1299.646800,323
1299.872783,122
1308.089604,323
1308.315135,122
1311.536265,122
1313.599320,323
1313.824664,122
1318.594395,122
1326.746794,122
1326.882929,323
1327.108530,122
1336.634069,86
1338.004984,145
1338.004985,145
1346.469048,323
1346.694727,122
1348.038626,323
1348.264613,122
1357.854415,86
1364.839701,323
1365.120257,122
1365.998412,323
1366.225395,122
1375.552782,86
1386.304046,86
1386.471345,323
1386.696640,122
1392.542104,323
1392.768058,122
1403.078491,86
1403.224302,323
1403.449769,122
1408.047737,323
1408.274117,122
1408.748715,122
1418.535114,86
1422.166493,323
1422.392370,122
1428.313438,130
1428.449729,122
1428.449875,285
1428.877159,122
1428.878143,122
1428.879214,122
1428.880230,122
1428.881275,122
1428.882403,122
1428.882782,248
1429.165544,534
1429.502721,153
1429.502722,122
1429.502910,122
1430.550562,323
1430.776441,122
1436.879829,323
1437.105293,122
1438.329492,323
1438.555533,122
1438.779985,122
1440.943868,323
1441.169948,122
1444.163043,323
1444.389391,122
1447.475778,323
1447.702402,122
1448.208956,323
1448.435232,122
1450.936652,323
1451.162724,122
1457.630517,323
1457.856860,122
1457.884586,323
1458.154172,122
1458.880017,323
1459.105732,122
1461.128437,323
1461.354426,122
1467.964471,323
1468.191062,122
1477.613197,86
1478.916773,323
1479.196288,122
1480.349528,323
1480.589531,122
1485.078909,323
1485.305809,122
1486.079342,323
1486.304875,122
1490.761807,122
1496.498161,323
1496.727187,122
1505.116057,323
1505.342175,122
1510.430325,122
1516.695131,323
1516.920594,122
1517.929074,323
1518.155207,122
1528.357763,86
1534.984193,323
1535.232012,122
1545.288205,86
1549.374222,323
1549.600355,122
1559.625650,86
1562.416696,323
1562.642843,122
1572.430818,86
1572.750533,122
1573.843675,323
1574.069173,122
1583.661138,86
1594.213773,86
1594.830018,323
1595.055957,122
1601.604334,323
1601.831319,122
1610.742803,323
1610.968279,122
1617.103226,323
1617.329498,122
1623.647590,323
1623.872954,122
1631.278361,323
1631.504404,122
1631.963801,323
1632.189602,122
1638.003118,145
1638.003119,145
1638.375744,323
1638.601663,122
1640.528304,130
1640.615251,130
1640.664101,122
1640.664212,285
1640.751078,122
1640.751104,285
1641.092822,122
1641.093720,122
1641.094789,122
1641.095770,122
1641.096870,122
1641.097927,122
1641.098437,248
1641.178141,122
1641.179183,122
1641.179969,122
1641.180982,122
1641.181998,122
1641.183119,122
1641.183577,248
1641.381176,545
1641.464555,530
1641.692948,153
1641.692949,122
1641.915319,153
1641.915320,122
1651.580556,86
1654.747882,122
1657.104363,323
1657.330646,122
1661.016091,323
1661.242090,122
1661.428315,323
1661.654072,122
1662.930375,323
1663.156193,122
1667.806806,323
1668.032291,122
1669.175222,323
1669.400884,122
1671.761445,323
1671.987425,122
1675.747499,122
1676.994464,323
1677.220242,122
1679.474424,323
1679.700201,122
1679.909104,323
1680.135004,122
1682.321491,323
1682.329189,323
1682.596955,122
1682.821339,122
1684.407375,323
1684.637893,122
1684.755606,323
1684.981742,122
1688.259129,323
1688.485112,122
1689.436182,323
1689.693272,122
1693.584650,323
1693.811318,122
1695.326582,323
1695.552689,122
1697.083235,323
1697.308857,122
1706.860127,86
1712.626652,323
1712.852291,122
1720.275676,323
1720.503455,122
1723.434927,323
1723.661728,122
1728.311582,130
1728.447453,122
1728.447454,285
1728.865074,122
1728.865796,122
1728.866847,122
1728.867842,122
1728.868837,122
1728.869961,122
1728.870519,248
1729.146682,534
1729.479064,153
1729.479065,122
1729.479223,122
1734.952503,323
1735.194532,323
1735.226726,122
1735.451468,122
1736.750636,122
1746.857300,323
1747.124833,122
1756.657121,86
1758.752126,323
1758.978326,122
1765.382883,323
1765.608879,122
1772.264774,122
1775.264170,323
1775.494511,122
1778.202831,323
1778.428343,122
1788.824102,86
1798.576074,86
1798.681936,323
1798.907322,122
1804.846586,323
1805.072420,122
1814.629661,86
1814.848472,323
1815.073805,122
1818.762492,122
1819.118550,323
1819.344717,122
1822.589132,323
1822.815190,122
1833.357217,86
1833.814411,323
1834.039774,122
1839.237228,323
1839.462841,122
1849.842596,86
1860.091427,86
1861.439587,323
1861.665228,122
1863.316699,323
1863.542891,122
1863.777389,122
1864.560722,323
1864.786628,122
1865.046587,323
1865.324074,122
1870.972405,323
1871.198395,122
1880.514231,86
1882.086802,323
1882.312840,122
1892.245808,86
1896.162511,122
1900.781035,122
1904.356141,323
1904.582133,122
1910.344439,323
1910.570346,122
1915.986073,323
1916.212855,122
1919.551846,323
1919.777309,122
1921.090271,323
1921.359101,122
1922.565097,323
1922.660040,323
1922.844064,122
1923.068642,122
1924.787387,122
1935.235045,86
1937.952153,323
1938.001317,145
1938.001318,145
1938.178402,122
1938.528297,323
1938.796009,122
1938.991365,323
1939.267852,122
1948.629262,86
1950.284592,323
1950.530929,122
1951.656104,323
1951.936929,122
1961.483960,86
1963.370144,323
1963.595486,122
1967.021869,323
1967.247961,122
1973.088913,323
1973.314849,122
1977.292506,323
1977.518847,122
1982.781949,122
1993.211317,86
1996.963435,323
1997.189211,122
1998.947209,323
1999.172931,122
2007.395481,323
2007.620589,122
2008.289918,323
2008.516150,122
2018.992835,86
2020.814040,323
2021.040321,122
2027.039700,323
2027.265405,122
2028.309744,130
2028.445572,122
2028.445687,285
2028.880985,122
2028.881694,122
2028.882921,122
2028.883975,122
2028.885053,122
2028.886106,122
2028.886507,248
2029.171938,534
2029.520095,153
2029.520096,122
2039.681846,86
2050.196687,86
2053.452525,323
2053.678145,122
2056.774370,323
2057.054675,122
2064.003807,323
2064.229829,122
2064.810956,122
2068.849180,122
2078.710075,86
2079.782269,122
2083.573224,323
2083.799050,122
2085.489313,323
2085.714963,122
2092.228565,323
2092.454281,122
2097.958390,323
2098.184095,122
2100.365807,323
2100.591221,122
2102.376206,323
2102.619810,122
2112.566309,86
2119.838064,323
2120.063490,122
2121.042568,323
2121.261990,323
2121.268375,122
2121.493018,122
2124.086463,323
2124.341010,122
2128.517981,323
2128.743733,122
2131.086555,323
2131.312556,122
2137.453776,323
2137.679123,122
2140.573257,323
2140.873970,122
2146.795426,122
2151.179623,323
2151.405103,122
2161.214365,86
2170.753388,86
2172.924647,323
2173.150501,122
2179.159707,323
2179.389416,122
2188.466943,86
2193.717904,323
2193.943711,122
2194.302562,323
2194.582380,122
2194.806945,122
2195.319840,323
2195.545767,122
2199.509921,323
2199.735758,122
2200.922782,323
2201.148552,122
2201.333033,323
2201.558917,122
2202.757985,323
2203.040621,122
2210.430693,323
2210.670518,122
2212.919954,323
2213.193978,122
2218.432915,323
2218.712484,122
2223.733198,323
2223.958411,122
2228.787852,122
2236.535151,323
2236.760947,122
2237.998655,145
2237.998656,145
2247.511219,86
2256.056761,122
2256.729318,323
2256.955792,122
2258.076193,122
2267.821263,86
2269.200087,323
2269.425509,122
2269.737338,323
2269.963162,122
2271.253421,323
2271.478984,122
2274.189109,323
2274.472131,122
2284.662507,86
2292.778156,122
2297.333626,323
2297.559708,122
2304.969100,323
2305.062715,323
2305.195079,122
2305.419744,122
2310.781625,122
2315.872353,323
2315.900497,323
2316.137814,122
2316.362955,122
2318.920719,323
2319.146058,122
2320.074398,323
2320.300460,122
2321.703539,323
2321.929403,122
2328.307890,130
2328.443621,122
2328.443670,285
2328.872477,122
2328.873394,122
2328.874459,122
2328.875489,122
2328.876548,122
2328.877605,122
2328.878160,248
2329.030131,323
2329.158954,534
2329.304410,122
2329.507896,153
2329.507896,122
2329.507897,122
2339.906454,86
2345.518800,323
2345.744540,122
2346.977201,323
2347.224818,122
2356.787156,86
2361.104287,323
2361.373435,122
2370.781794,86
2372.506952,323
2372.733359,122
2382.714063,86
2388.927874,323
2389.154102,122
2392.779115,122
2393.964870,323
2394.213441,122
2394.595176,323
2394.820441,122
2404.770519,86
2404.770520,122
2412.218236,323
2412.444250,122
2416.092267,323
2416.318136,122
2417.470138,323
2417.696009,122
2418.934556,122
2419.992369,323
2420.218263,122
2425.208437,323
2425.434577,122
2436.041033,86
2441.346336,122
2450.518630,86
2459.208815,323
2459.434305,122
2461.526791,323
2461.752382,122
2472.327028,86
2474.785506,122
2476.778088,323
2477.003936,122
2478.417527,323
2478.643178,122
2483.816011,323
2484.041898,122
2488.400896,323
2488.626630,122
2499.462586,86
2503.135682,323
2503.361894,122
2506.086340,323
2506.320799,122
2513.963994,323
2514.190640,122
2515.913051,323
2516.139362,122
2516.957842,323
2517.183862,122
2522.025931,323
2522.255224,122
2523.428291,323
2523.668111,122
2534.029418,86
2536.401563,122
2537.996857,145
2537.996858,145
2544.508059,323
2544.734135,122
2553.222094,323
2553.447864,122
2556.774776,122
2563.657138,323
2563.883175,122
2566.635933,323
2566.833647,323
2566.861622,122
2567.086178,122
2570.475409,323
2570.701465,122
2572.671191,323
2572.897085,122
2579.373610,323
2579.605426,122
2582.333325,323
2582.559495,122
2592.794688,86
2599.341381,323
2599.617947,122
2603.623512,323
2603.850035,122
2606.592360,323
2606.818483,122
2607.202386,323
2607.428530,122
2611.326530,323
2611.552982,122
2616.809190,323
2617.035739,122
2617.158293,323
2617.384960,122
2626.850491,86
2627.722458,323
2627.948063,122
2628.305615,130
2628.441356,122
2628.441408,285
2628.849712,122
2628.850692,122
2628.851874,122
2628.852957,122
2628.853960,122
2628.855042,122
2628.855455,248
2629.136857,534
2629.473439,153
2629.473439,122
2629.674784,323
2629.900450,122
2635.250094,323
2635.475685,122
2638.784164,122
2649.237051,86
2650.181583,323
2650.407466,122
2651.555463,323
2651.781224,122
2652.079832,323
2652.305970,122
2660.095758,323
2660.321507,122
2669.658091,323
2669.885155,122
2679.508600,86
2688.194890,323
2688.420492,122
2690.048036,323
2690.274126,122
2690.452416,323
2690.678839,122
2693.387444,323
2693.616761,122
2704.111242,86
2704.675002,323
2704.900706,122
2706.566087,323
2706.792630,122
2709.440070,323
2709.666636,122
2711.712118,323
2711.937936,122
2720.782599,122
2728.151343,122
2737.708331,86
2747.869200,86
2754.429486,323
2754.682882,122
2755.386711,323
2755.615436,122
2759.803661,323
2760.029811,122
2763.154327,323
2763.380301,122
2764.527457,323
2764.753109,122
2766.734760,136
2766.734761,136
2766.872513,130
2767.008372,122
2767.008373,298
2767.181622,122
2767.182649,122
2767.183660,122
2767.184419,215
2767.338446,420
2767.538279,122
