15.882967756,1434
15.883744151,1464
15.915434426,2820
15.953534100,266
16.102670128,66
16.102690664,66
16.102702971,66
16.103113277,66
16.105482657,704
16.121362616,60
16.131731365,266
16.149576938,504
16.209229652,60
16.221204636,66
16.298483579,66
16.299334046,5538
16.325496744,385
16.330852861,2814
16.331871457,3499
16.331884513,1434
16.332653281,1434
16.335488367,66
16.336895611,3499
16.345466492,1070
16.369862554,823
16.442044027,66
16.445134502,2802
16.445406252,2802
16.448301192,5538
16.449306949,1434
16.495806155,5538
16.531058631,66
16.541673281,751
16.542013127,2814
16.543476385,3499
16.545407548,68
16.565302478,679
16.666014461,2802
16.666756327,2802
16.693083828,4170
16.693283653,1434
16.737853646,751
16.760876808,1292
16.765284476,751
23.696944000,533
23.931346513,66
23.936755007,66
23.947416122,60
53.281617439,173
53.529717149,60
57.601638031,102
87.620915254,70
87.806948129,74
87.964556589,60
88.013770656,66
88.016945501,2802
88.017060805,2802
88.017425934,1432
88.158110647,74
88.268778212,66
88.351802386,66
88.361763418,6304
88.474261889,66
88.474816146,1420
88.474832105,4170
88.555589756,666
88.602045505,66
88.680860345,488
88.795295429,66
88.795873766,1420
88.795880112,4170
88.896546707,66
88.897463489,66
88.898874152,66
88.899240217,66
88.899251274,66
88.899730528,66
88.900073761,66
88.900340896,66
88.900347754,66
88.900350168,66
88.901034395,66
88.912082041,60
88.916204347,60
88.924637200,66
88.925337024,66
88.989393601,488
113.275976268,173
113.521460038,60
173.266600527,173
173.516872175,60
177.126877242,60
177.368409571,60
191.475209975,1847
191.509855105,1434
191.510168289,479
191.525212384,1434
191.525756143,479
191.689728168,66
191.689739376,66
191.690170600,66
191.699992925,66
191.702451095,60
191.714923199,66
233.263424773,173
233.573547793,60
237.162430924,70
237.396757479,70
256.498819706,66
256.498844062,5507
256.542934093,2802
256.542970298,2802
256.543644314,751
256.558948821,66
256.695487307,782
257.288128906,679
263.385453492,1069
263.412820722,1069
263.423663020,1069
263.436704488,1057
263.584295778,66
263.614790318,870
263.627766415,66
263.636447776,66
263.639917370,60
263.646735159,66
263.653197350,870
263.672197171,870
263.686819368,858
263.882473859,66
263.883124658,66
263.892720316,66
263.907777383,66
263.936148336,60
267.664457033,60
293.259081917,173
293.509362211,60
316.355963207,144
316.356864589,2802
316.439159827,2802
316.439579885,902
316.488152017,144
316.497374275,2802
316.550594948,824
316.702876438,824
316.723066600,66
316.724928314,66
316.725406553,66
316.725417647,66
316.725420076,66
316.725704432,66
316.734529123,66
316.734539898,66
316.735055009,66
316.738565524,60
316.922723791,66
316.922734495,66
316.957334336,66
316.986192391,60
328.221418067,66
328.427264163,66
328.432206096,2802
328.432434778,2802
328.433209318,751
328.551885436,66
328.562370014,4764
328.562604232,1434
328.755926513,157
333.065947894,1434
333.066844815,808
333.072455209,2176
333.161855425,1434
333.162133052,808
333.214837856,1434
333.215841976,784
333.236921411,266
333.265632738,385
333.272771757,385
333.282504006,66
333.284725410,66
333.284736354,66
333.285005966,66
333.285532644,66
333.297036132,60
333.302068125,60
333.310267965,66
333.382386159,704
333.432949184,504
333.476312740,385
333.478848794,385
333.480860641,66
333.481769638,66
333.482279770,4170
333.482547430,1434
333.513156145,2802
333.515316087,2814
333.516154948,3499
333.527906583,2802
333.531293600,66
333.534356956,2802
333.535068580,2802
333.603177282,1070
333.629837961,1070
333.670452459,1070
333.676941277,66
333.678607816,5538
333.684178229,5538
333.684998625,385
333.689123261,2802
333.691373397,2802
333.691764829,2802
333.692424170,2802
333.693122811,1434
333.726463671,2814
333.727902528,3499
333.753191079,2802
333.754243410,2802
333.824039895,751
333.826555276,751
333.864413391,751
333.872874575,66
333.872897448,5538
333.875803730,5538
333.891344812,68
333.893951837,1434
333.895363900,2802
333.896082586,1434
333.936068797,60
333.936091005,2814
333.936477710,3499
333.977327385,2802
333.977874019,2802
334.044823796,751
334.057882401,751
334.065241481,751
334.097384994,751
336.168582968,266
336.181782282,1434
336.363982226,1294
336.378563875,66
336.574456157,66
337.418223422,1434
337.418554859,1434
337.419895959,2802
337.420825624,2802
337.421839608,1634
337.665810882,66
337.666327652,66
337.666687838,66
337.667165814,66
337.667176763,66
337.667312304,66
337.667784912,66
337.667916591,66
337.667923476,66
337.669208324,66
337.669219933,66
337.669222341,66
337.669710555,66
337.670045587,66
337.670056187,66
337.676645373,66
337.677220676,66
337.678978917,60
337.683930076,60
337.683940536,60
337.711644451,66
337.720411381,66
337.770828962,1645
337.772574360,5538
337.774061423,1434
337.864240114,66
337.965102028,1423
338.062532821,1434
338.065322256,4194
338.066988082,1434
338.067224930,2930
338.131024261,1434
338.131565671,1434
338.133589684,1434
338.133870902,1434
338.135626771,1434
338.135897595,1418
338.141040351,1434
338.342670405,282
353.251701237,173
353.500257808,60
388.250763788,74
388.844230297,66
388.847105386,177
388.847125200,66
389.448357692,66
413.247228256,173
413.502238275,60
417.582473922,60
417.868277477,60
419.076822830,60
448.061703001,74
448.255663205,66
448.257245494,2802
448.257740367,2802
448.258703159,1432
448.507736486,66
448.703556521,66
449.382604129,60
449.604365887,70
455.515567297,185
455.713873223,66
455.909162252,66
473.238420854,173
473.494331370,60
480.098663862,60
480.394923978,60
533.233544691,173
533.482610069,60
547.831041730,1420
547.831597856,1434
547.832222149,1434
547.832931488,1434
547.833054849,1434
547.834332214,1434
547.834481571,1434
547.835469997,1434
547.835488326,1434
547.836041706,1434
547.855951941,5538
547.856109900,2781
547.859977955,5538
547.972215379,266
547.978335801,244
547.978887716,1434
547.980143046,2802
547.980153934,2802
547.980764383,1434
547.980908148,1434
547.982714780,2802
547.984091477,2802
547.984463189,2802
547.985229211,2802
547.987348674,2802
547.988791446,2802
548.025012996,2802
548.025564607,788
548.049386499,2802
548.049447631,795
548.070403212,1434
548.101318862,1434
548.104300618,2814
548.106897965,6954
548.107058739,1434
548.107330933,2740
548.168231225,504
548.172683595,66
548.174562774,66
548.175056775,66
548.184900124,66
548.186046253,2802
548.186398459,774
548.198132642,2802
548.198900821,1964
548.212769909,66
548.237723063,66
548.265740682,60
548.281692073,66
548.281697636,66
548.282830798,66
548.283793946,66
548.284116216,66
548.284744701,66
548.285211835,66
548.286300839,66
548.286303870,66
548.286662605,66
548.286665708,66
548.286906620,66
548.286909646,66
548.287189814,66
548.287821758,66
548.288158932,66
548.288739623,66
548.288996656,66
548.289800922,66
548.290131293,66
548.290135953,66
548.290910837,66
548.291209063,5538
548.292360317,66
548.294348949,66
548.297269068,2802
548.297562428,2802
548.298164025,66
548.299560020,66
548.300868008,66
548.301526879,1434
548.305738309,6223
548.306573140,60
548.306660466,2814
548.308796310,3499
548.308803887,60
548.309998172,66
548.310803720,60
548.313826143,66
548.314129757,2802
548.314732943,2802
548.315267893,66
548.316318511,66
548.366659148,66
548.370923803,66
548.370934536,66
548.371487658,266
548.371771048,751
548.378480958,2802
548.379109226,2802
548.379431767,1434
548.380744976,2802
548.381267904,2802
548.392124388,66
548.392135557,751
548.406757194,66
548.419267278,1070
548.459445113,66
548.475753102,66
548.481810049,66
548.482970393,60
548.495643310,5538
548.499809168,385
548.500619131,66
548.501890613,66
548.517272984,2802
548.517404387,60
548.517420042,2802
548.517423373,1434
548.517697851,1434
548.519522722,2814
548.521661883,739
548.530615376,66
548.530636799,2802
548.530644368,2802
548.532751178,2802
548.533406307,2802
548.565011298,187
548.580026605,1070
548.598313035,1070
548.616880087,66
548.678822452,5538
548.679950158,6906
548.683083203,751
548.693611100,68
548.703304298,66
548.711025189,5538
548.729965520,2814
548.730473179,3499
548.754905495,2802
548.755402490,2802
548.776613674,751
548.804400317,751
548.811438466,66
548.812756397,2802
548.813324775,2802
548.813925419,751
548.903857592,751
548.916918667,66
548.919506341,66
548.959943288,66
562.787826479,266
562.834041420,1434
563.026650341,1294
563.030919337,66
563.226618300,66
565.222330612,1434
565.222978028,1330
565.226397710,2698
565.262693539,1434
565.263351408,1330
565.270480284,1434
565.271068596,1330
565.338892275,1434
565.340284886,1306
565.423634129,66
565.424261935,66
565.425827830,66
565.426283305,66
565.426292851,66
565.427235532,66
565.436428142,66
565.436438993,66
565.442923113,60
565.451193705,66
565.500113039,997
565.501212773,997
565.519427169,997
565.545539925,997
565.576659683,985
565.641759037,66
565.709721190,66
565.766393447,66
565.768646728,66
565.769264515,66
565.815189878,703
565.818108394,703
565.822709139,60
565.846416976,703
565.847893261,66
565.858167885,703
565.877462364,691
565.929763962,66
566.012272734,66
566.015840211,66
566.016269041,66
566.037293009,60
566.054178105,66
566.150363449,66
593.228402155,173
593.476479466,60
629.678239491,591
629.688432939,591
629.703373447,591
629.718165128,591
629.798340541,579
629.874968689,66
629.877439673,66
629.878006064,66
629.887781781,66
629.902798310,66
629.931144510,60
653.217970582,173
653.466460276,60
668.463915348,1434
668.464590406,1434
668.465073118,1434
668.465574759,1434
668.466273773,1434
668.467068333,1434
668.467702123,2513
668.488676487,565
668.494039646,1434
668.494538446,2802
668.494548521,4170
668.494911794,1434
668.495316137,382
668.496606568,1434
668.497688719,1434
668.499318590,1434
668.500574560,1434
668.501628399,1434
668.502227186,1434
668.502238351,1434
668.508278677,382
668.510798907,5538
668.510817421,1434
668.512538224,2802
668.534980472,2814
668.535629794,4194
668.537178481,3809
668.595388835,266
668.661632920,385
668.688359167,66
668.688928279,66
668.689556351,66
668.690562825,66
668.690573900,66
668.690967167,66
668.691290589,66
668.691597676,66
668.691738752,66
668.692119317,66
668.692587642,66
668.692855217,66
668.692866487,66
668.692868920,66
668.693277414,66
668.693568411,66
668.693579611,66
668.693724817,66
668.694779587,66
668.694790311,66
668.694792754,66
668.695061472,66
668.700673530,66
668.701066882,66
668.701710329,66
668.702409365,1148
668.702420811,1348
668.703196917,66
668.703460447,60
668.708082631,60
668.708093855,60
668.708096278,60
668.709174682,965
668.715662812,66
668.717108339,66
668.717910022,66
668.719518213,66
668.720763036,66
668.727563071,66
668.792562822,504
668.795212410,66
668.796270203,66
668.833101020,66
668.855800918,704
668.868685308,266
668.886794886,66
668.887687751,66
668.888363923,5538
668.896602417,504
668.916983302,2814
668.917680395,3499
668.934025958,704
668.936571362,2802
668.936851893,1434
668.938768727,2802
668.941279526,2802
668.941764497,704
668.941785229,2802
668.943047902,2802
668.943415484,1434
668.944101754,2802
668.944615461,2802
668.945275217,2802
668.954520544,4170
668.972626711,1434
669.027723842,66
669.029788477,2802
669.030424693,2802
669.032391329,1070
669.032692235,2802
669.033193849,1434
669.033474085,1434
669.034052965,1434
669.048966975,68
669.085732868,823
669.087296752,1434
669.088558134,5538
669.092570403,751
669.097263435,1434
669.097544354,1434
669.097867693,2802
669.099745740,5538
669.106234015,6906
669.129948274,60
669.129978580,6259
669.136769707,2814
669.137959702,3499
669.140304134,68
669.143160054,2802
669.143343924,2802
669.161898843,68
669.165227898,2802
669.165515150,2802
669.225201469,2802
669.225690090,2802
669.228878859,68
669.243474215,751
669.286561983,68
669.318711946,66
669.327615651,66
669.346859962,751
669.383249339,751
669.514257502,66
669.564532022,679
669.803093420,1292
682.011722035,2593
682.018291825,1434
682.018992856,1225
682.068122688,1434
682.068147017,1225
682.115182443,2593
682.233085694,2581
682.287869584,66
682.289421247,66
682.289794446,66
682.289978909,66
682.289989944,66
682.299966641,66
682.303073228,60
682.303083796,60
682.315027930,66
704.844606741,540
704.852247612,926
704.863255959,540
704.873227950,723
704.925609464,914
705.037629544,452
705.057271504,66
705.057375993,66
705.068903520,452
705.075173717,60
705.096628106,66
705.121749315,66
705.134626376,269
711.883783229,2802
711.885340605,2819
711.953124096,1039
711.953620372,1434
711.953969030,1434
711.954169010,1434
712.069715790,5538
712.070322264,83
712.096669144,2802
712.097316302,266
712.098314522,2814
712.098317759,2802
712.098470649,2783
712.099370771,83
712.102766812,66
712.102777952,66
712.103968119,66
712.104148460,66
712.104157848,66
712.105197574,66
712.106111421,66
712.106550558,66
712.106693797,66
712.106701233,66
712.107260430,66
712.107802628,66
712.107813944,66
712.107816388,66
712.107818745,66
712.115511022,66
712.116743424,66
712.118592496,60
712.118603312,60
712.127611141,266
712.146614422,797
712.159821661,66
712.263870543,704
712.264976606,266
712.293634110,504
712.298128500,66
712.300713939,4170
712.300760778,1434
712.303384487,66
712.303575868,66
712.304143886,5538
712.304566575,704
712.305516171,5538
712.325867761,66
712.332238293,2814
712.335621543,3499
712.339801520,1070
712.347698657,504
712.365275841,66
712.370818888,5538
712.460421583,185
712.495587452,1070
712.495605811,2802
712.496135859,2802
712.498001412,2802
712.498792868,66
712.499711991,1070
712.500058712,2802
712.500069779,5538
712.510271559,1070
712.544929710,2814
712.546145249,3499
712.548342253,1434
712.549277307,5538
712.549971682,2802
712.550695541,2802
712.567706611,387
712.575648211,1070
712.582980058,2802
712.587570476,2802
712.655855826,998
712.694054858,66
712.695021707,751
712.697762819,751
712.715885341,751
712.732871700,66
712.755862588,2814
712.757309662,3499
712.772087667,2802
712.772864991,2802
712.792993899,5538
712.830343747,751
712.889586081,66
712.894578012,1523
712.894600019,4170
712.897573463,5496
712.921411087,751
712.926668271,66
712.929171327,2802
712.929704813,2802
712.930328916,751
713.029696172,66
713.091412275,662
713.091696055,793
713.207633815,173
713.338267290,679
713.456954859,60
713.578381313,998
713.773971908,66
756.693560824,2802
756.694901279,1515
756.771021543,698
756.771833303,1434
756.772348294,1434
756.822888186,2802
756.824155410,1515
756.894496563,4251
756.912485022,66
756.914124489,66
756.914766203,66
756.915101886,66
756.915662224,66
756.924175058,66
756.925174943,60
756.925185962,66
756.925213079,266
756.928779327,66
756.928790118,266
756.964380250,1202
756.968915837,1479
756.971796917,2814
757.032338531,385
757.088395478,704
757.121498481,504
757.127434166,66
757.149548863,66
757.149555431,823
757.152171640,66
757.158653953,704
757.168748484,66
757.171229919,66
757.177824582,60
757.179778373,66
757.238194217,704
757.331729723,385
757.333041909,66
757.348758746,66
757.351277727,2802
757.352959097,2802
757.353332889,2802
757.353346385,2802
757.354920559,1434
757.357281320,68
757.360605214,66
757.362756393,385
757.362775164,1434
757.363457888,6906
757.363476234,4170
757.364107348,66
757.372468158,66
757.373286703,2572
757.373591458,1434
757.374282690,2802
757.374662045,2802
757.375304971,2802
757.376590051,1434
757.385518923,66
757.385535389,4194
757.385748253,1434
757.388046650,739
757.388059180,1434
757.388377132,4194
757.390698333,8274
757.390764412,2802
757.391211642,2119
757.391333673,1434
757.392821752,2802
757.392842835,2802
757.393670817,2802
757.393682140,4194
757.393961462,739
757.394098960,2802
757.407233930,66
757.444822891,2802
757.525173813,2802
757.528820544,66
757.544322132,1434
757.544612337,1434
757.544885348,2802
757.550412829,751
757.559124665,5538
757.559288375,753
757.583997541,2802
757.584008174,753
757.594285198,298
757.594314410,4170
757.594371273,2802
757.594788723,1434
757.598356909,753
757.603680403,66
757.814356146,751
758.509115543,266
758.523590436,1434
758.720065749,1294
758.720076817,66
758.915868866,66
773.204379940,173
773.454068650,60
783.790775049,70
790.450589720,869
790.465911021,302
790.469891271,302
790.576726104,485
790.580641147,851
790.611073165,266
790.643860200,385
790.658872171,952
790.666029548,66
790.667014094,66
790.675378493,952
790.684353154,60
790.704712275,66
790.725175129,66
790.729573543,66
790.797384784,1088
790.825021573,266
790.837827830,704
790.862848603,66
790.862881077,823
790.863830583,5538
790.898334202,704
790.899415436,4194
790.899658259,739
790.899684950,1434
790.922038702,704
790.931632336,66
790.950136824,66
790.951165583,2802
790.951443229,1434
790.951732550,1434
790.952986903,5538
790.987346136,5538
791.017922099,1070
791.033675739,2802
791.034167240,2802
791.035631417,751
791.035645587,1434
791.036114316,2802
791.036410771,1434
791.045247079,1434
791.059090260,751
791.059100613,68
791.059773555,1434
791.060087135,4170
791.060492992,6906
791.091463797,751
791.112207503,1434
791.113455418,5574
791.115367201,739
791.115392965,4194
791.118935809,2119
791.128575765,751
791.137732089,66
791.139478032,5538
791.143840816,2802
791.143978718,2802
791.144781549,1434
791.148114161,1434
791.159717196,5538
791.176796864,2802
791.177492574,2802
791.177753540,2802
791.178463388,2802
791.179580588,1434
791.193377118,2802
791.193782850,2802
791.228805555,751
791.228825091,1434
791.229657845,2802
791.229977896,1434
791.238445745,68
791.255084583,1292
791.255768536,68
791.284577171,68
791.349641400,68
791.422131902,751
791.433645635,66
832.260323476,869
832.269578861,869
832.277954393,869
832.325106408,869
832.386233297,851
832.427840731,266
832.462877692,385
832.466961129,385
832.472128468,385
832.494604342,60
832.502333291,66
832.516492480,66
832.517065205,66
832.517076106,66
832.519086405,66
832.545551872,704
832.624470259,504
832.651648613,266
832.673036211,385
832.700585597,385
832.705259529,2814
832.705993874,2119
832.706018985,1434
832.708382328,385
832.710714495,66
832.710749658,66
832.712446269,66
832.712464153,2802
832.712916107,2802
832.715752310,66
832.723973870,66
832.724264632,2802
832.724409796,2802
832.727511958,4170
832.727568942,1434
832.737793241,2802
832.766174268,1070
832.766186506,2802
832.820910088,1070
832.848545277,1117
832.879484131,385
832.882253781,2802
832.884757863,2802
832.885274504,1434
832.889921209,5538
832.894460649,1070
832.902381804,1070
832.906289229,2802
832.906608328,2802
832.908492131,66
832.916865800,1434
832.916883699,1434
832.919056990,4879
832.931566952,5538
832.944383360,66
832.948303270,2802
832.949052940,2802
832.958204056,4170
832.958485965,1434
832.986700796,751
833.017890513,751
833.086690545,68
833.088376627,1434
833.088389705,2802
833.088442945,1434
833.104450958,751
833.104745111,5538
833.106006701,66
833.128798774,6259
833.138451729,751
833.141752607,5538
833.146975695,5538
833.172726645,2802
833.173313724,2802
833.207704832,751
833.254787826,751
833.292816306,751
833.298843771,751
833.336371078,173
833.340106644,751
833.591172628,60
833.993354206,266
834.189868070,1411
834.386563947,66
867.176839740,781
867.178780742,781
867.213427073,781
867.215027931,781
867.239860101,769
867.377642741,66
867.396645957,60
867.416409491,66
867.419034085,66
867.431565922,66
867.441409543,66
867.452643957,708
867.454877303,85
867.480632357,85
867.495375688,268
867.529148854,696
867.650460073,689
867.653207838,66
867.653386000,66
867.662780183,66
867.677549494,66
867.687616887,689
867.705220381,60
867.716034488,506
893.192016546,173
893.440714052,60
931.040499532,1434
931.040558621,852
931.096347201,802
931.097153775,1434
931.164387870,1434
931.164882577,852
931.221505219,2220
931.242664567,2208
931.254023844,266
931.284781139,266
931.289588635,435
931.331810534,66
931.332296748,66
931.332308074,66
931.332310567,66
931.332312959,66
931.336734101,66
931.337536092,60
931.338976572,60
931.364351994,66
931.414843358,704
931.450729924,504
931.478521975,66
931.504224568,266
931.505243237,823
931.526428263,704
931.527792277,2802
931.527951026,1434
931.528164682,66
931.528178942,1434
931.528429699,66
931.528852684,5538
931.552221604,2814
931.552357774,1434
931.555297119,2119
931.560386561,66
931.583662196,66
931.597444428,4170
931.599131228,266
931.608573778,739
931.611287885,1434
931.612073108,1434
931.647479405,1070
931.700328090,2802
931.700760785,1434
931.700939319,1434
931.701257281,1434
931.701375104,1434
931.702222635,2802
931.702971260,1434
931.717455522,2802
931.718011334,2802
931.718518074,1508
931.720366767,751
931.721927436,2802
931.722380970,2802
931.723078295,2802
931.723414981,1434
931.723626606,1434
931.724449428,66
931.724460607,1434
931.724798574,68
931.725351218,2802
931.725609187,4170
931.726172664,5538
931.753513859,66
931.763187273,60
931.763211570,6259
931.763679534,1434
931.764348993,1434
931.770406885,3499
931.778507632,5538
931.784749536,1434
931.789588456,66
931.790776872,1434
931.791029925,4170
931.793093322,4170
931.793307316,1434
931.801774994,399
931.806799482,92
931.843467409,68
931.914343614,68
931.920239396,66
931.923167912,2802
931.923186650,2802
931.924099829,1434
931.924110349,68
931.924402529,2802
931.924971823,2802
931.963783492,66
931.978233642,66
931.985478751,751
932.039639639,66
932.196499262,703
932.391967872,703
933.926037508,1480
933.964948566,1434
933.965483015,112
933.995638725,1480
934.063308025,1434
934.063413009,112
934.124982031,66
934.125527516,66
934.127410940,66
934.127422092,66
934.127965591,66
934.127976379,66
934.137404400,66
934.137415427,66
934.140090323,60
953.185960199,173
953.439694009,60
1013.180112742,173
1013.430700711,60
1024.095763630,94
1073.176663811,173
1073.422689145,60
1080.385786736,868
1080.397216010,868
1080.414365453,868
1080.481294957,868
1080.513084457,850
1080.553900456,266
1080.590354428,385
1080.591206504,385
1080.602205004,66
1080.602880405,66
1080.611551982,385
1080.614901096,60
1080.640344819,66
1080.671672948,66
1080.704166811,704
1080.712012641,266
1080.751023887,504
1080.763895393,66
1080.797209428,704
1080.798684482,66
1080.799224868,66
1080.800601684,4170
1080.800642870,1434
1080.805442547,385
1080.822950969,2814
1080.824384939,3499
1080.826240757,704
1080.834647646,66
1080.835954345,2802
1080.835974704,2802
1080.892280403,66
1080.898206693,4170
1080.898418776,1434
1080.907317215,185
1080.927827838,1070
1080.947889022,1070
1080.973721732,2802
1080.974025174,2802
1080.976285702,2802
1080.977116119,2802
1080.977672689,1434
1080.994898944,66
1080.996005383,5538
1080.998898200,385
1081.002974198,68
1081.020478545,751
1081.029894905,4194
1081.030030065,2119
1081.030046955,1434
1081.031497782,2802
1081.031888317,2802
1081.032794338,2802
1081.032806499,1434
1081.032922698,1434
1081.034146138,3499
1081.034165043,2802
1081.061696450,6906
1081.087627326,1434
1081.106958646,610
1081.120896741,1434
1081.124276787,2802
1081.124453389,2802
1081.125486414,2802
1081.125771550,1434
1081.126026181,1434
1081.130000438,5538
1081.146519571,751
1081.149938622,68
1081.183125557,2802
1081.183147637,2802
1081.192925047,66
1081.193542995,68
1081.194749635,5538
1081.201452091,1434
1081.223689673,68
1081.255137584,751
1081.255418334,2802
1081.255702936,1434
1081.342596795,751
1081.381471383,66
1081.386737156,751
1081.388436923,66
1081.653948614,1434
1081.654087028,862
1081.659354903,2230
1081.686008681,1434
1081.686451403,862
1081.748317221,2230
1081.790075516,1434
1081.792980863,838
1081.793745708,266
1081.860159919,385
1081.870677016,385
1081.871290754,66
1081.872733299,66
1081.873200190,66
1081.879967165,385
1081.885157812,60
1081.888157800,66
1081.897989429,66
1081.897996203,66
1081.912533085,66
1081.969018298,704
1081.992888517,504
1082.024513365,266
1082.047712977,66
1082.065113230,385
1082.066736212,385
1082.066758114,2802
1082.067643217,2802
1082.069112917,66
1082.074274132,1070
1082.085865366,5538
1082.095740537,2814
1082.097252935,3499
1082.108094824,5538
1082.121562505,66
1082.122441340,2802
1082.123057026,2802
1082.189476860,1070
1082.189488081,1070
1082.222494747,1141
1082.254368806,66
1082.256958559,1434
1082.259680940,1070
1082.259707451,5538
1082.260667229,1434
1082.262030472,1434
1082.262269088,2802
1082.262275726,1434
1082.262491474,1434
1082.262995125,1434
1082.263028605,1434
1082.265138130,66
1082.268317566,1070
1082.275653986,387
1082.283400553,5538
1082.304891983,2814
1082.305671993,3499
1082.336209442,1434
1082.336317464,2802
1082.346343674,2802
1082.347019546,2802
1082.347372092,1434
1082.409259133,751
1082.433665681,751
1082.454174162,751
1082.459768647,2802
1082.460275373,2802
1082.462532203,66
1082.463416064,751
1082.463431028,1434
1082.463604547,4170
1082.464766519,2802
1082.466152415,2802
1082.481267672,5538
1082.482122985,751
1082.482659001,266
1082.488605974,1434
1082.512894283,6259
1082.570346156,2802
1082.570860498,2802
1082.630305331,751
1082.647767418,751
1082.673420992,751
1082.678331839,728
1082.696857540,66
1082.711318992,66
1082.727278758,66
1114.550062490,74
1114.748461653,66
1114.971163252,6304
1115.171126646,66
1115.253659357,666
1115.369226880,66
1133.172881106,173
1133.421595497,60
1168.709534106,161
1168.709596987,1038
1168.741069460,161
1168.746823465,344
1168.782195309,1026
1168.903052304,943
1168.967055605,760
1168.978814064,66
1168.979431615,66
1168.988761433,943
1168.992329146,548
1169.018147572,66
1169.023391980,66
1169.031265240,60
1169.041588715,66
1169.090289410,1149
1169.096489261,1161
1169.186792427,679
1169.227967540,1161
1169.237489186,1161
1169.293881259,66
1169.293887511,66
1169.296967697,66
1169.296973423,66
1169.297432376,66
1169.320940563,66
1169.347467875,66
1169.494320065,66
1169.494685974,66
1169.542122993,66
1171.215715681,1038
1174.259778606,1161
1193.170724123,173
1193.421550130,60
1241.408833169,833
1241.426038443,833
1241.439390046,833
1241.476829180,833
1241.540084452,815
1241.577614599,266
1241.578395289,833
1241.614970191,385
1241.621206011,385
1241.621217265,66
1241.623350082,66
1241.623973613,66
1241.624969433,66
1241.633381351,385
1241.648594887,66
1241.678518814,60
1241.698047645,704
1241.774118527,504
1241.774944626,704
1241.788720308,66
1241.815052777,385
1241.816814737,2802
1241.817395750,2802
1241.819532739,66
1241.820080995,66
1241.821046829,385
1241.821069401,5538
1241.822523770,66
1241.828074519,1070
1241.829524100,5538
1241.837928978,4170
1241.838365402,1434
1241.871823681,66
1241.872302909,2802
1241.872870356,2802
1241.897321515,1434
1241.899355486,1434
1241.899369321,3499
1241.918600313,1070
1241.972015504,1070
1241.973684037,1070
1241.997192123,2802
1241.997734485,1434
1241.999498301,2802
1241.999776421,2802
1242.000441936,2802
1242.009730098,1070
1242.012435705,2802
1242.013006126,2802
1242.017066518,5538
1242.019604931,66
1242.022248396,5538
1242.027658041,387
1242.054474588,5538
1242.065667088,1070
1242.095770635,2802
1242.096461274,2802
1242.113705779,2814
1242.114648543,1434
1242.114683699,2119
1242.139321723,751
1242.169728318,751
1242.171150307,751
1242.203785058,751
1242.207630063,2802
1242.208336126,2802
1242.208342851,2802
1242.209514865,2802
1242.214199245,5538
1242.214622839,4170
1242.214959432,1434
1242.215737945,66
1242.260479081,5538
1242.278667907,751
1242.302143977,751
1242.319284476,2802
1242.319936386,2802
1242.324564869,1434
1242.327568843,4879
1242.360490589,751
1242.368552148,751
1242.404569441,751
1242.409737818,751
1242.452805805,66
1242.467058024,66
1243.576350302,266
1243.588507194,1434
1243.775497159,1366
1243.785046776,66
1243.980510112,66
1253.163060955,173
1253.412967373,60
1303.653845578,2414
1303.686901577,1434
1303.687605834,1046
1303.807401830,1434
1303.807521074,1046
1303.876793187,1434
1303.877621785,1046
1303.932599691,66
1303.933703711,66
1303.933714868,66
1303.934235962,66
1303.935882145,66
1303.935893392,66
1303.944738189,66
1303.945320287,66
1303.947171522,60
1303.960101010,66
1304.885852419,2414
1313.152995543,173
1313.403602265,60
1373.161625781,173
1373.411047212,60
1426.277631295,1434
1426.278570417,1434
1426.278673449,1434
1426.279047918,1254
1426.284135351,127
1426.285186509,4170
1426.371999606,310
1426.372823839,1434
1426.373945450,2802
1426.445675524,127
1426.447279861,1434
1426.447336752,1434
1426.448198154,1434
1426.478137636,1193
1426.568910517,66
1426.571083648,66
1426.573016459,66
1426.574698897,66
1426.575863287,66
1426.575870066,66
1426.576086847,66
1426.577965215,66
1426.578742876,66
1426.584953062,66
1426.585319916,66
1426.585866997,66
1426.585873722,66
1426.587654547,60
1426.590930342,60
1426.594646727,1010
1426.598299724,66
1426.598765476,66
1426.614267595,66
1426.652175029,1193
1426.773381851,66
1426.792353938,66
1426.836650648,60
1428.708808306,1386
1428.709423943,2802
1428.906016199,1302
1433.141125342,173
1433.390197165,60
1470.408673583,1871
1470.408715456,1871
1470.453793227,1871
1470.498220931,1434
1470.498832348,503
1470.519867347,1859
1470.621611734,1136
1470.625283313,1136
1470.674372738,1136
1470.679894449,66
1470.682148494,66
1470.682159679,66
1470.682760112,66
1470.682771430,66
1470.683520185,66
1470.692204739,66
1470.693243106,66
1470.704689439,1136
1470.705856333,60
1470.706218248,1124
1470.707576857,66
1470.878164916,66
1470.880353636,66
1470.917339404,66
1470.922847441,66
1470.939326681,66
1470.955647104,60
1470.969256361,66
1471.163099814,1871
1471.420934997,1136
1482.178494435,66
1482.179107816,335
1482.179126341,1434
1482.179430327,1434
1482.179545636,1434
1482.179971777,1434
1482.196963934,66
1482.197340903,6223
1482.199582070,66
1482.205448101,1411
1482.205470797,4170
1482.207395000,152
1482.208148806,185
1482.215160338,152
1482.232135441,66
1482.232146531,66
1482.233970545,2802
1482.234681922,66
1482.234700855,2802
1482.236246224,2802
1482.236909551,2802
1482.239304818,5538
1482.399283053,482
1482.401244173,751
1482.403246105,774
1482.408677514,784
1482.413291617,784
1482.472028464,66
1482.476210888,66
1482.483172407,66
1483.819865959,66
1484.364689688,727
1493.134088257,173
1493.389269321,60
1499.427489372,1434
1499.427522783,1434
1499.429086309,2802
1499.430044319,2802
1499.431584037,2802
1499.432069282,2466
1499.637465330,2802
1499.638445875,2802
1499.639054601,2802
1499.640239915,2802
1499.641072954,2466
1499.652742977,1434
1499.653587674,1434
1499.655098963,1434
1499.655671572,1434
1499.657990212,2802
1499.660004983,2802
1499.661717827,2466
1499.679298274,266
1499.714552487,266
1499.715638187,2068
1499.717638763,5538
1499.722513475,66
1499.722521592,66
1499.723055813,66
1499.723599282,66
1499.723984286,66
1499.723991110,66
1499.723993569,66
1499.726359934,66
1499.727184363,66
1499.727452113,66
1499.727895202,66
1499.727902011,66
1499.728388502,66
1499.728395382,66
1499.728397795,66
1499.728696053,66
1499.730113194,66
1499.730119995,66
1499.730122429,66
1499.730124738,66
1499.730127057,66
1499.731326978,66
1499.731333793,66
1499.731336164,66
1499.731338509,66
1499.731693412,66
1499.731700304,66
1499.731702899,66
1499.732064117,66
1499.732066497,66
1499.732375603,66
1499.732382512,66
1499.732384939,66
1499.732598587,66
1499.732605288,66
1499.732607689,66
1499.732817977,66
1499.732829790,66
1499.735663152,66
1499.737684609,66
1499.737984176,66
1499.739599751,66
1499.740164032,66
1499.741390044,66
1499.750557722,1434
1499.756414155,4170
1499.779745583,4194
1499.780925365,4194
1499.782579310,5118
1499.782591988,60
1499.782594842,60
1499.782597164,60
1499.835143193,385
1499.867703351,385
1499.875119208,504
1499.909680778,1102
1499.917746128,66
1499.919503133,2802
1499.919763556,2802
1499.927985789,66
1499.930300954,5538
1499.934695288,504
1499.942508928,2802
1499.942708601,1434
1499.947710667,66
1499.950330608,5538
1499.951633973,1434
1499.966131105,66
1499.989351602,2814
1499.990308818,3499
1500.028885760,1389
1500.070949401,1070
1500.073498429,1389
1500.113232734,2802
1500.113574247,2802
1500.123671137,66
1500.127441129,4170
1500.127626212,1434
1500.136128255,1070
1500.155855996,2802
1500.155977696,385
1500.155981162,2802
1500.157211645,2802
1500.157516508,1434
1500.158231108,1434
1500.158514650,1434
1500.159258158,2802
1500.159822419,2802
1500.163087790,66
1500.167219860,5538
1500.195912628,1434
1500.198392331,4194
1500.201958588,739
1500.222219417,751
1500.267583342,751
1500.279969504,751
1500.288597286,266
1500.302487667,1434
1500.308597873,2802
1500.309048535,2802
1500.319183674,66
1500.324401064,5538
1500.329543206,751
1500.333956169,1434
1500.334174897,4170
1500.359772256,66
1500.364523796,2802
1500.365175670,2802
1500.377113655,68
1500.380359568,2802
1500.381054785,2802
1500.398168371,3446
1500.400644956,60
1500.400789689,6259
1500.416054517,751
1500.463891940,751
1500.470103220,4170
1500.484100036,777
1500.486341024,751
1500.520744601,1434
1500.521018175,1434
1500.523060832,751
1500.533286743,2802
1500.554001054,66
1500.595311445,1411
1500.597808679,751
1500.784402520,4170
1500.792045235,1425
1500.812586955,1434
1500.813555255,5538
1500.814121428,2802
1500.814692792,2802
1500.988678044,762
1501.050222314,66
1505.665343993,727
1545.417538069,2064
1545.418135014,1434
1545.456171039,2802
1545.457456426,1574
1545.518244624,1434
1545.518898386,1434
1545.519150627,1574
1545.610819111,944
1545.666165399,1434
1545.666586276,1434
1545.667745867,1434
1545.668339065,206
1545.743679791,66
1545.743791732,66
1545.744550160,66
1545.745038183,1434
1545.745594721,66
1545.745605360,66
1545.746772559,2918
1545.747144218,66
1545.747151388,66
1545.751524331,66
1545.754001572,66
1545.754787908,60
1545.756967561,66
1545.760563560,60
1545.774757110,66
1545.775303448,66
1545.784413965,66
1545.936671280,66
1545.942286538,66
1552.330488869,542
1552.330500087,542
1552.332582681,542
1552.374532053,542
1552.528584762,66
1552.531703862,66
1552.532531296,66
1552.583619489,66
1552.585836359,66
1552.594731185,60
1552.603114927,66
1553.129912923,173
1553.380591840,60
1578.032561540,3442
1578.231942380,934
1579.713553623,542
1595.977632787,2802
1595.978963954,2802
1595.978974774,143
1596.073239476,2802
1596.074340001,2802
1596.075432914,143
1596.122399209,2802
1596.124182396,2802
1596.125039576,143
1596.169323793,5536
1596.195337620,66
1596.195349034,66
1596.195723700,66
1596.196647865,66
1596.196916478,66
1596.196926968,66
1596.197810101,66
1596.197821087,66
1596.198406956,66
1596.198413807,66
1596.198416195,66
1596.198418578,66
1596.198420896,66
1596.199478576,66
1596.199485365,66
1596.200156184,66
1596.200162940,66
1596.200165332,66
1596.200407100,66
1596.200413957,66
1596.200970168,66
1596.201187632,66
1596.208770966,66
1596.210309361,66
1596.211364951,266
1596.215984094,60
1596.215995402,60
1596.232946389,266
1596.244409869,1434
1596.246415961,2843
1596.249818394,1434
1596.310589418,704
1596.331648918,704
1596.363350613,783
1596.391117147,66
1596.407530964,504
1596.416152183,66
1596.418291051,66
1596.420164658,66
1596.442993556,66
1596.453416320,504
1596.454172164,1434
1596.455311747,66
1596.462840686,66
1596.570046374,266
1596.576199489,266
1596.585523350,66
1596.588064999,2802
1596.588602068,2802
1596.589289044,2802
1596.589890285,2802
1596.590478373,266
1596.590483710,1434
1596.597716960,385
1596.609642449,66
1596.614181081,66
1596.617373175,66
1596.645183575,385
1596.659412341,66
1596.660062975,4170
1596.660620793,8274
1596.661445428,66
1596.665401135,2802
1596.665675212,2802
1596.666799972,2802
1596.667384756,2802
1596.668015635,1434
1596.671620340,2802
1596.672552498,2802
1596.674056445,387
1596.674472127,2802
1596.675946296,5538
1596.676566629,2802
1596.676888404,1434
1596.719958773,1434
1596.742605238,5538
1596.763862469,187
1596.780978627,1434
1596.781538734,187
1596.781556488,2802
1596.782036605,1434
1596.786165242,823
1596.790803604,68
1596.809687817,66
1596.812387987,66
1596.814472727,66
1596.819893067,1434
1596.841549032,68
1596.856023566,1434
1596.856044701,4170
1596.869692637,4170
1596.870097053,1434
1596.877339719,4170
1596.881408816,2814
1596.882486487,3499
1596.884114595,6259
1596.884133828,1434
1596.886492313,4879
1596.893843223,2802
1596.896337934,2802
1596.936903684,751
1596.957354768,751
1596.983892782,751
1596.987459232,751
1597.008338177,66
1597.016053148,66
1597.037627586,751
1597.119210885,66
1597.153077299,66
1597.164986292,626
1597.170682002,1434
1597.366109053,121
1598.379788881,5615
1598.577253655,704
1598.774431597,66
1598.933335286,385
1598.972243880,66
1599.168917821,66
1599.221014177,7939
1599.476557249,385
1599.478842040,6906
1599.494672946,2802
1599.675860200,769
1612.458494531,479
1612.466515975,479
1612.466811129,479
1612.503199661,479
1612.659901108,66
1612.660912336,66
1612.670393030,66
1612.684923922,66
1612.705588832,66
1612.707899384,66
1612.724365216,60
1613.124651413,173
1613.373777523,60
1613.982402852,479
1647.710510257,1434
1647.710770153,233
1647.771196862,1601
1647.828956787,1434
1647.828987214,233
1647.854642681,1601
1647.915345215,66
1647.915355784,66
1647.917933852,66
1647.917945157,66
1647.918534871,66
1647.918669667,66
1647.919508707,66
1647.920163848,66
1647.928054473,66
1647.932536218,60
1647.943451709,66
1648.133996362,66
1648.163950395,66
1648.528344219,1601
1672.653553907,479
1672.658226117,479
1672.668477365,479
1672.724335152,479
1672.794830375,479
1672.921011240,66
1672.923716195,66
1672.923891649,66
1672.925134248,66
1672.931352753,66
1672.943368866,66
1672.968052258,60
1673.118020892,173
1673.366897533,60
1716.320378951,592
1716.334495196,592
1716.340187932,592
1716.369457383,592
1716.410513195,592
1716.529514077,66
1716.530365776,66
1716.530486073,66
1716.530492904,66
1716.535883596,66
1716.542972235,66
1716.579667862,60
1733.118583268,173
1733.369167206,60
1748.298025449,185
1748.495599705,66
1771.922225841,1225
1771.936103150,1225
1771.959874694,1225
1771.967728785,1225
1772.012135285,1213
1772.125756297,66
1772.129639713,66
1772.129766676,66
1772.133318625,66
1772.138055720,66
1772.154916257,66
1772.181064464,60
1772.362017066,1225
1793.107677282,173
1793.355255467,60
1836.780821274,185
1836.797236524,66
1836.798701582,2802
1836.799252755,2802
1836.806459637,66
1836.815797291,1089
1836.815813189,4170
1836.856408926,185
1836.857076311,66
1836.857626126,5538
1836.869908464,185
1836.893119230,66
1836.893682098,185
1836.897321801,5538
1836.902612504,66
1836.905660092,2802
1836.905807506,2802
1836.974484422,751
1837.009504839,1096
1837.032376716,66
1837.052752901,751
1837.075826913,751
1837.095836299,66
1837.113773835,751
1837.139952644,66
1837.165358605,66
1837.304066443,185
1837.499498689,66
1839.072308431,185
1839.145551748,66
1839.152878176,5538
1839.269053424,751
1839.388368084,66
1853.102425667,173
1853.358507481,60
1866.309716271,2802
1866.311244745,2118
1866.388205329,2802
1866.389513637,2118
1866.459159871,2802
1866.461492802,2118
1866.516645227,3124
1866.517437022,1434
1866.529016471,66
1866.530474120,66
1866.531142125,66
1866.532309168,66
1866.532315921,66
1866.533386703,66
1866.533393596,78
1866.533396003,66
1866.533601445,66
1866.533608332,66
1866.534591692,66
1866.541298698,66
1866.541650213,66
1866.543281472,66
1866.552152999,60
1866.552159789,60
1866.573209632,66
1866.576522437,266
1866.583290930,385
1866.593973435,3462
1866.597805298,1434
1866.611812204,266
1866.667762253,704
1866.710623760,1066
1866.725027708,66
1866.730328009,66
1866.773486489,504
1866.776343153,385
1866.781463943,66
1866.783227612,66
1866.784015423,66
1866.793569716,66
1866.809094168,66
1866.810537639,1434
1866.832804803,504
1866.884830223,266
1866.914381985,266
1866.919651591,66
1866.923452524,2802
1866.924067736,2802
1866.924740648,2802
1866.925718110,2802
1866.926286056,1434
1866.927735578,66
1866.970267590,387
1866.975348775,66
1866.979741397,66
1866.980327246,385
1866.980890486,2802
1866.981238310,6906
1866.981368198,2802
1867.000148158,66
1867.000174454,5538
1867.007937540,2802
1867.009864094,4170
1867.010621456,1434
1867.014667653,2802
1867.015371703,1434
1867.015495138,1434
1867.015950869,1434
1867.017279922,4383
1867.026403765,2802
1867.031686927,2802
1867.031828032,2802
1867.032701011,2802
1867.033324259,2802
1867.033972052,1434
1867.053845487,387
1867.091168653,187
1867.108038383,1555
1867.115465595,1434
1867.117536296,2802
1867.118214001,1434
1867.125046894,66
1867.163462182,751
1867.175627563,66
1867.176217970,68
1867.177587571,5538
1867.185365973,1434
1867.193734476,4170
1867.209177132,1434
1867.215871050,1175
1867.215878585,2802
1867.216292593,1434
1867.255886521,2802
1867.256232427,2802
1867.297425937,751
1867.300476755,2814
1867.301910308,3499
1867.301930270,1434
1867.302086017,751
1867.302104699,1434
1867.306356852,3499
1867.306371055,1434
1867.308888440,4879
1867.317939580,751
1867.356331759,66
1867.372453265,751
1867.414237675,66
1867.420887242,66
1867.456051176,66
1867.479747318,7149
1867.495902313,5538
1867.513469517,66
1867.612429564,66
1867.680109936,6301
1867.846444038,66
1874.230661897,266
1874.258539121,2802
1874.454167607,70
1874.454178362,66
1874.649722197,66
1892.295723247,815
1892.303011224,815
1892.319062793,815
1892.336091115,815
1892.372492800,815
1892.495859424,66
1892.495870344,66
1892.497096105,66
1892.504930845,66
1892.520251194,66
1892.539931505,66
1892.548080863,60
1913.099723604,173
1913.362318500,60
1932.438978229,870
1932.457691844,870
1932.460859220,870
1932.524016023,870
1932.582257264,852
1932.629437633,266
1932.632171241,385
1932.651017626,385
1932.654429014,66
1932.656764928,66
1932.657391399,66
1932.657457611,66
1932.666467602,266
1932.666573582,66
1932.681426906,870
1932.682373877,66
1932.707620702,266
1932.709316019,60
1932.743631709,704
1932.826754600,385
1932.826764915,504
1932.828212762,66
1932.847912047,385
1932.852875489,66
1932.853436094,66
1932.872802088,823
1932.878404975,266
1932.886142474,2802
1932.886488947,2802
1932.886776055,2802
1932.886779222,2802
1932.902530549,66
1932.907275396,2802
1932.907925370,2802
1932.919255857,2814
1932.920029456,2119
1932.920048524,1434
1932.948719526,185
1932.966964909,1070
1932.988511455,5538
1933.004128532,5538
1933.004160114,1434
1933.022266841,385
1933.023715327,1434
1933.024980911,2802
1933.025683159,2802
1933.025963684,1434
1933.026114402,1434
1933.026901937,2802
1933.041199193,1070
1933.048222599,66
1933.049543024,1070
1933.063461051,2802
1933.063742860,2802
1933.066432760,1434
1933.074968629,140
1933.076296805,4170
1933.078332406,751
1933.081926145,2802
1933.082561503,2802
1933.124123189,4170
1933.124645628,1434
1933.126004708,2802
1933.126273469,1434
1933.128852128,2802
1933.129437111,2814
1933.129745460,1434
1933.130751560,1434
1933.132188834,2802
1933.132875849,1434
1933.135961181,2119
1933.135982362,2814
1933.138087900,3499
1933.138106516,1434
1933.138388163,1434
1933.144404070,658
1933.188011302,68
1933.215546827,68
1933.216972341,1434
1933.218414423,2802
1933.218795691,1434
1933.235536787,751
1933.243471973,66
1933.243488376,5538
1933.245410509,751
1933.256653450,4170
1933.257030690,1434
1933.280923684,751
1933.289804576,4170
1933.290062722,1434
1933.296042879,751
1933.306953037,2802
1933.306965796,1434
1933.309300656,1434
1933.385415449,66
1933.409838823,751
1933.437539888,751
1933.439833888,66
1933.453504887,751
1933.487255584,751
1933.502305894,751
1933.531558178,727
1944.715613102,127
1944.720285297,880
1944.725770127,880
1944.759167665,880
1944.884715023,146
1944.916983261,819
1944.927119919,66
1944.947371917,66
1944.960749063,66
1944.963720958,66
1944.966692605,66
1944.974934867,60
1944.975796158,66
1945.085896885,800
1964.997127569,1434
1964.997620910,492
1965.034901469,1860
1965.071489081,1860
1965.149052311,1434
1965.149093347,492
1965.152445692,1434
1965.164805339,468
1965.271830718,66
1965.272812987,66
1965.273089975,66
1965.273751375,66
1965.273762664,66
1965.274511875,66
1965.274782353,66
1965.283508963,66
1965.283928709,66
1965.285813424,60
1965.298228106,66
1965.468415734,66
1965.470474922,66
1965.533610138,60
1973.094696189,173
1973.343070301,60
1977.092380963,1860
2033.090221888,173
2033.339569473,60
2073.444940651,513
2073.446057524,513
2073.458931315,513
2073.483224709,513
2073.515847775,501
2073.612787847,513
2073.645789663,66
2073.646455617,66
2073.646574395,66
2073.655754514,66
2073.670914494,66
2073.685049600,66
2073.699487156,60
2093.087192734,173
2093.337139794,60
2153.080893259,173
2153.339133817,60
2173.095362565,66
2173.096004349,6223
2173.101131610,66
2173.104025181,2802
2173.104630299,2802
2173.105101680,751
2173.129322441,185
2173.140630587,66
2173.143834948,2802
2173.144592122,2802
2173.194500754,66
2173.205831932,4024
2173.205851245,1434
2173.214122478,66
2173.217445480,185
2173.221610309,5283
2173.228278628,66
2173.230162035,2802
2173.230781689,2802
2173.335549293,66
2173.351100834,751
2173.397970805,66
2173.399922219,897
2173.411046450,751
2173.418567163,1006
2173.431459455,717
2173.465127457,66
2173.627524788,124
2201.834587884,570
2201.850611655,570
2201.851615171,570
2201.872642425,570
2201.948532236,570
2202.032950777,66
2202.065150309,66
2202.073591968,66
2202.074967888,66
2202.076271569,66
2202.084447444,66
2202.087620067,60
2213.071557129,173
2213.323166951,60
2255.532784759,2802
2255.533538011,2385
2255.618055559,2802
2255.619222754,2385
2255.730230113,2802
2255.730764124,2385
2255.733692711,4170
2255.733893518,1017
2255.751816235,66
2255.751827286,66
2255.751829699,66
2255.753402492,66
2255.753413940,66
2255.753416361,66
2255.753418730,66
2255.754455507,66
2255.754466084,66
2255.754820528,66
2255.754831890,66
2255.754834295,66
2255.755336501,66
2255.756106871,66
2255.756267585,66
2255.756278419,66
2255.756280830,66
2255.756663608,66
2255.766097178,66
2255.766335442,66
2255.767468737,60
2255.772805101,60
2255.776015876,266
2255.793245733,266
2255.812479891,385
2255.840774365,1434
2255.840798736,2349
2255.840804196,1434
2255.907813248,266
2255.927611755,704
2255.936729337,704
2255.947772825,66
2255.953386930,66
2255.972464458,504
2255.975761583,66
2255.977864357,66
2255.989140907,66
2256.006131864,385
2256.009671900,66
2256.020022270,66
2256.020858655,504
2256.033437182,60
2256.050574488,1434
2256.106599648,504
2256.122845214,385
2256.141998926,66
2256.142146265,385
2256.144826750,2802
2256.145165500,2802
2256.145878225,2802
2256.146431904,2802
2256.147414218,1434
2256.150662945,66
2256.169493071,66
2256.175631880,66
2256.195103085,66
2256.198946632,5538
2256.199405434,387
2256.203620827,2802
2256.204364400,2802
2256.204848202,1434
2256.210650287,385
2256.210679755,5538
2256.216752864,66
2256.217254614,5538
2256.217551831,1434
2256.217566697,5538
2256.220950780,1434
2256.240854197,2802
2256.241278519,2802
2256.242015493,2802
2256.242776499,2802
2256.243290429,1434
2256.247344512,2814
2256.247778137,387
2256.250769172,3499
2256.253534070,4194
2256.253648333,2119
2256.260067149,1434
2256.302614982,435
2256.309838401,5538
2256.316631161,68
2256.338180869,1434
2256.338985393,2802
2256.339369169,1434
2256.348046169,66
2256.348238369,68
2256.363153609,66
2256.371757175,66
2256.373847042,1434
2256.393075393,751
2256.404161766,4170
2256.406784894,68
2256.414048559,2802
2256.425859109,2802
2256.455942361,66
2256.459288596,6259
2256.472153828,5538
2256.498861303,775
2256.510916207,751
2256.517156071,751
2256.520600410,5121
2256.525060072,2802
2256.526869503,2802
2256.554333140,751
2256.567571883,66
2256.573168889,66
2256.603552667,751
2256.717739269,704
2256.738253217,66
2256.915210982,66
2257.044183832,7620
2257.052924903,5538
2257.116175355,66
2257.242036665,5830
2257.313563827,66
2260.673645259,185
2260.869963982,66
2273.065405560,173
2273.318794441,60
2333.064660045,173
2333.317316332,60
2374.824598073,971
2374.828002848,971
2374.866593618,971
2374.879416796,971
2374.904969804,959
2375.028095484,66
2375.029283024,66
2375.029555301,66
2375.060272979,66
2375.069686368,66
2375.080671922,66
2375.082849698,60
2375.121260469,1497
2375.141940639,1434
2375.142163930,129
2375.169057876,1497
2375.186658251,1434
2375.186664668,129
2375.226213122,105
2375.228366638,1434
2375.329186059,66
2375.330410478,66
2375.331078064,66
2375.331088742,66
2375.331771872,66
2375.332376879,66
2375.332383798,66
2375.341625660,66
2375.341636259,66
2375.348121145,60
2375.363260003,66
2375.592007372,66
2376.583117761,971
2381.573334969,1497
2386.732223437,802
2386.781267121,802
2386.795573918,802
2386.864694466,802
2386.906771648,784
2386.936021060,266
2386.946687998,66
2386.946699425,66
2386.949261657,66
2386.949691128,66
2386.950165833,66
2386.959362549,66
2386.965041710,266
2386.974978733,385
2387.001544227,385
2387.005582614,60
2387.072749177,266
2387.101343632,704
2387.133124752,504
2387.140295536,66
2387.146107153,66
2387.146885775,66
2387.147166439,66
2387.147188720,5538
2387.157262680,2802
2387.157920909,2802
2387.166530507,66
2387.168932381,1389
2387.170130670,66
2387.187405373,2802
2387.187874919,2802
2387.192746667,504
2387.207691793,1389
2387.218854667,2814
2387.219453526,1434
2387.233140738,2119
2387.257951903,5538
2387.294683455,1070
2387.311931836,185
2387.333770443,66
2387.342950399,1070
2387.343287094,5538
2387.344106447,66
2387.352531433,2802
2387.353154983,2802
2387.362357175,751
2387.363367471,2802
2387.374734983,2802
2387.375111522,2802
2387.380216228,66
2387.384500583,2802
2387.400056133,1434
2387.402840403,2802
2387.403544182,2802
2387.403925057,1434
2387.404154805,1434
2387.404812002,2802
2387.414762037,751
2387.420664775,2802
2387.430617738,60
2387.430775371,4194
2387.437469749,2119
2387.437482290,1434
2387.439816931,4879
2387.488527574,751
2387.534019783,5538
2387.539830951,751
2387.540355571,5538
2387.540552202,66
2387.551033566,5538
2387.572961641,266
2387.576276044,66
2387.583772995,2802
2387.584071001,2802
2387.584985393,1434
2387.597510279,751
2387.628883766,2802
2387.630745518,1072
2387.662076836,751
2387.727543768,751
2387.735862310,751
2387.768733777,1263
2387.819306832,66
2387.894371540,66
2388.014513323,66
2393.057326029,173
2393.308455295,60
2398.728637075,802
2399.223365611,7522
2399.420630692,802
2399.420641886,66
2399.505017930,6906
2399.507409917,4170
2399.617431790,358
2453.050238337,173
2453.298879985,60
2459.673129804,1100
2459.680150342,653
2459.712182612,1100
2459.723374682,1100
2459.813755822,1088
2459.873387380,513
2459.942280708,66
2459.955744573,60
2459.975074754,66
2459.981472333,66
2459.983502433,66
2459.984741675,66
2459.992805672,66
2460.207398449,60
2463.599835391,791
2463.797059287,375
2503.711501705,1434
2503.711628577,302
2503.740952987,1670
2503.793682879,1670
2503.817420716,1434
2503.817431634,302
2503.873326935,1658
2503.915627587,66
2503.917328474,66
2503.917810581,66
2503.917821501,66
2503.918626233,66
2503.918891032,66
2503.928416703,66
2503.931463782,60
2503.949424311,66
2503.950559446,66
2504.112885743,66
2504.113934309,66
2504.530414686,1670
2513.046379020,173
2513.304630984,60
2573.039798413,173
2573.286278414,60
2622.958412038,185
2623.155524990,66
2627.374235434,66
2627.376589254,2802
2627.376712629,2802
2627.377399755,751
2627.403219795,185
2627.405807936,66
2627.409994564,5538
2627.410585361,751
2627.477625466,5086
2627.540890391,185
2627.551865243,66
2627.552003197,5538
2627.631179359,66
2627.641251068,185
2627.671181963,1203
2627.736844852,751
2627.788703109,66
2627.837072233,66
2633.033502771,173
2633.290176440,60
2639.019955493,185
2639.217922572,66
2677.930125886,1434
2677.930576491,376
2677.935222749,1744
2677.963486164,1434
2677.964223011,376
2677.983443469,1434
2677.983454027,376
2678.040181350,1732
2678.135690771,66
2678.135702067,66
2678.136059056,66
2678.136186128,66
2678.136192956,66
2678.136935916,66
2678.146136365,66
2678.160526819,60
2678.167895282,66
2678.167906484,66
2678.173807604,66
2678.246649169,827
2678.248061858,827
2678.264551415,827
2678.286188874,827
2678.302379031,815
2678.366726608,1744
2678.367652111,66
2678.393017261,66
2678.448880382,66
2678.449648965,66
2678.449744208,66
2678.480710549,66
2678.502046627,60
2678.561070845,66
2678.564104368,827
2678.599831520,66
2693.029989495,173
2693.276674893,60
2701.859760276,891
2701.873178366,891
2701.915124484,891
2701.916218752,891
2702.066257373,66
2702.070180482,66
2702.070191235,66
2702.070242723,66
2702.075103970,66
2702.095291828,66
2702.119691053,60
2702.263999040,891
2702.325995408,66
2753.029236831,173
2753.277157805,60
2804.896223947,2802
2804.896499533,436
2804.899914699,2802
2804.900793880,436
2804.907170284,2802
2804.908075353,436
2804.978494542,1434
2804.978866464,1804
2805.044557545,1434
2805.049462946,1780
2805.062860654,266
2805.090002357,385
2805.101552097,385
2805.106287961,385
2805.180582302,66
2805.183303140,66
2805.183347468,66
2805.183351158,66
2805.184129193,66
2805.184918255,66
2805.184929476,66
2805.184932070,66
2805.184934422,66
2805.192787463,66
2805.192889986,66
2805.194083518,66
2805.194904985,60
2805.199771116,60
2805.206151471,704
2805.215433373,66
2805.215825694,66
2805.221702100,66
2805.258650822,504
2805.262710942,66
2805.283093244,385
2805.295679199,385
2805.312775437,385
2805.380165335,66
2805.380812060,66
2805.380824398,66
2805.380832153,5538
2805.400727442,66
2805.403303443,2802
2805.403780551,2802
2805.406029421,2814
2805.407744314,3499
2805.415949191,66
2805.418513499,2802
2805.418920251,2802
2805.419632672,2802
2805.420298856,2802
2805.421204928,1434
2805.443333637,385
2805.451152550,2802
2805.451428308,2802
2805.455004879,1070
2805.476697892,385
2805.490079790,387
2805.519590721,1070
2805.549783661,5538
2805.577460475,266
2805.577471712,66
2805.578661395,1434
2805.578679687,4170
2805.579307209,66
2805.593177356,1434
2805.595741635,1434
2805.613334498,1434
2805.613930958,2802
2805.613949162,1434
2805.614268220,1434
2805.616432882,2802
2805.616774291,1434
2805.627994845,2814
2805.629460364,3499
2805.630716792,2802
2805.631001811,2802
2805.651588494,751
2805.670334275,68
2805.672149674,751
2805.676668868,2802
2805.677255865,2802
2805.679540509,2802
2805.680050376,1434
2805.680061132,2802
2805.680860128,1434
2805.684154762,751
2805.725808591,751
2805.743767337,4170
2805.773533811,969
2805.776278725,66
2805.790963389,5538
2805.823549059,2802
2805.824179426,2802
2805.838399316,60
2805.838629967,1434
2805.841015378,4879
2805.849663774,66
2805.863959898,751
2805.891651370,751
2805.900037160,68
2805.973651489,751
2805.975798588,823
2813.018715117,173
2813.273248676,60
2834.594224761,2962
2835.039706009,5362
2835.081335105,2802
2835.086330476,4170
2835.087176326,1434
2835.236597374,2802
2835.236726544,3464
2835.237062710,66
2835.433918199,66
2856.760485489,765
2856.765799526,765
2856.775029679,765
2856.808463515,765
2856.965274300,66
2857.001793627,66
2857.003889441,66
2857.008791364,66
2857.017138317,60
2857.017149279,66
2857.034887614,66
2857.223134162,66
2862.513832660,765
2862.820901433,2802
2862.821977515,465
2862.825506716,3201
2862.850083778,2802
2862.850601730,465
2862.930643147,2802
2862.930921572,465
2862.977121098,266
2863.015830174,3189
2863.027486629,385
2863.037415814,66
2863.037426524,385
2863.038795523,66
2863.040240694,66
2863.040251728,66
2863.040819242,66
2863.040830380,66
2863.040832826,66
2863.040835203,66
2863.040837563,66
2863.040940304,66
2863.040942765,66
2863.044631117,385
2863.051514531,60
2863.056816043,60
2863.072189880,66
2863.072867192,66
2863.081749161,66
2863.085110335,266
2863.158106238,704
2863.172462800,504
2863.187286564,66
2863.233368438,704
2863.235398319,2802
2863.236143698,66
2863.236155302,2802
2863.236905828,66
2863.237662315,66
2863.238446604,1389
2863.254600954,5538
2863.266538976,2814
2863.267954746,3499
2863.271448545,704
2863.275270003,66
2863.281326497,185
2863.300421217,66
2863.305656958,2802
2863.306286266,2802
2863.329069907,5538
2863.368777710,1070
2863.385123565,1070
2863.393001829,66
2863.398438754,5538
2863.399345851,1434
2863.400994107,1434
2863.401288501,4170
2863.431806969,66
2863.432053233,2802
2863.432608000,2802
2863.434185273,66
2863.436330899,751
2863.439284023,68
2863.453049852,1434
2863.464778802,751
2863.468797953,66
2863.474587001,1434
2863.475988531,2814
2863.476545626,3499
2863.476553405,898
2863.477005249,1434
2863.477206362,2802
2863.482271040,2814
2863.482893129,3499
2863.506220795,2802
2863.512620716,2802
2863.522828675,1434
2863.534201544,2802
2863.534486962,2802
2863.535246714,2802
2863.535823143,2802
2863.536650539,1434
2863.542626075,4170
2863.547865181,1434
2863.564992150,751
2863.601677469,1434
2863.604450400,2802
2863.604623237,1434
2863.612377393,68
2863.628842611,2802
2863.629541382,2802
2863.630265203,751
2863.631773846,66
2863.645029013,751
2863.663700345,66
2863.672601701,847
2863.689612955,5538
2863.699330665,68
2863.760746198,751
2863.800197079,66
2863.859239523,66
2866.034205264,3201
2866.231176380,266
2867.177411620,8058
2867.183109602,5538
2867.375016054,5538
2867.375036057,66
2867.375047792,358
2867.615731367,66
2873.014842438,173
2873.262893779,60
2873.510469632,60
2879.683600182,142
2879.694416616,517
2879.695983797,517
2879.717021989,517
2879.798515022,505
2879.879887424,441
2879.895761978,66
2879.904893290,60
2879.924851549,66
2879.933700788,66
2879.933729804,66
2879.935355662,66
2879.936735269,66
2890.779812364,517
2933.019585270,173
2933.268303645,60
2979.559498058,775
2979.582598640,775
2979.600314291,775
2979.604823472,775
2979.638335359,763
2979.758364302,66
2979.760539307,66
2979.761299485,66
2979.761901022,66
2979.792655358,66
2979.813415140,66
2979.814392103,775
2979.815057372,60
2979.957437367,66
2984.586421438,2802
2984.587251334,1815
2984.641892665,2802
2984.643091283,1815
2984.651219780,4551
2984.813466215,66
2984.813630855,66
2984.813642269,66
2984.815451974,66
2984.815462763,66
2984.815628660,66
2984.817871877,66
2984.817882588,66
2984.818331771,66
2984.818337629,66
2984.819092350,66
2984.819738461,66
2984.819749787,66
2984.820009589,66
2984.829857645,66
2984.831365306,66
2984.833105662,60
2985.022150877,66
2985.054212726,2802
2985.054408868,1815
2985.087374878,1779
2985.087394433,1434
2985.089402761,1434
2989.364878807,4551
2993.009645822,173
2993.271008043,60
3052.993023131,173
3053.245322090,60
3057.628936188,185
3057.824577795,66
3073.859206131,1434
3073.860201620,1434
3073.860442716,1434
3073.860449062,704
3073.910424635,1568
3073.911535534,2802
3073.916971951,2802
3073.918269751,2072
3073.937716058,4796
3073.976116045,1434
3073.976925356,1434
3073.978040531,2072
3074.015311689,266
3074.060900663,385
3074.076784533,66
3074.078149781,66
3074.078161234,66
3074.079205434,66
3074.079215951,66
3074.079871940,66
3074.080926148,66
3074.084083811,66
3074.084094792,66
3074.085006060,66
3074.085012879,66
3074.085015431,66
3074.089306939,66
3074.090817691,66
3074.091454075,60
3074.092124431,66
3074.096978256,60
3074.096989749,60
3074.104559105,1089
3074.118616766,66
3074.118628622,66
3074.120602895,66
3074.153574372,385
3074.183753872,704
3074.215312562,66
3074.215777973,504
3074.220175157,66
3074.221028276,66
3074.262084582,704
3074.275138037,66
3074.275790803,266
3074.284979879,66
3074.285004861,66
3074.285591366,5538
3074.295734505,66
3074.298153191,504
3074.299332902,2802
3074.299902308,2802
3074.305221129,2814
3074.306416690,3499
3074.324368511,5538
3074.358074628,1434
3074.358868973,2802
3074.359155231,2802
3074.359960586,2802
3074.360488947,2802
3074.363647478,673
3074.364014952,4170
3074.388302994,706
3074.390078590,1070
3074.422591366,66
3074.424666510,2802
3074.426141381,1434
3074.426449496,2802
3074.426469398,2802
3074.426855623,2802
3074.462825469,68
3074.485745988,1070
3074.486055990,66
3074.486081688,5538
3074.486612745,5538
3074.486757011,1434
3074.491841378,751
3074.498534679,1434
3074.504901918,2802
3074.504917839,2802
3074.506264556,1434
3074.507202883,2802
3074.507606669,2802
3074.508281820,1434
3074.514625118,60
3074.514646608,2814
3074.515390000,430
3074.516123359,3499
3074.516137463,1434
3074.516810400,1434
3074.520668007,3499
3074.532643815,5538
3074.564747278,1054
3074.567179781,1434
3074.599531180,68
3074.599551390,2802
3074.599756305,2802
3074.612663512,5538
3074.626715373,2802
3074.626998788,2802
3074.663671044,751
3074.674426922,751
3074.686906706,68
3074.690279167,68
3074.728084438,6906
3074.731769681,66
3074.753363810,66
3074.764987046,461
3074.809248695,66
3074.817965988,6906
3074.874097068,66
3074.927152380,66
3074.928751875,4170
3074.965423294,358
3075.093077964,66
3106.615590560,1974
3106.616294172,2802
3106.703936986,2802
3106.705321671,2802
3106.705506540,184
3106.808863075,1012
3106.890445330,2802
3106.891988413,2920
3106.932573998,66
3106.933536467,66
3106.933547015,66
3106.933906071,66
3106.935094657,66
3106.936089951,66
3106.938106295,66
3106.938117700,66
3106.939365488,66
3106.939715164,66
3106.940102877,66
3106.941556292,66
3106.943670091,66
3106.945444374,66
3106.946937042,66
3106.948537332,60
3106.973172637,66
3106.974659855,66
3106.974661258,66
3106.980767306,66
3107.217333117,1434
3107.217823286,1434
3107.218885687,1434
3107.219377660,1434
3107.219384205,184
3110.140590043,1079
3110.143383220,4170
3110.342017790,539
3112.987099354,173
3113.235375445,60
3172.983323848,173
3173.242901676,60
3232.974889927,173
3233.225968669,60
3237.198919799,1434
3237.199039766,628
3237.207991602,1434
3237.207998595,1996
3237.208546427,628
3237.318820838,1996
3237.361100229,266
3237.361114259,1984
3237.401178693,385
3237.404819423,385
3237.408879443,385
3237.484975651,66
3237.485641684,66
3237.489495736,66
3237.489720648,66
3237.490353543,66
3237.490360349,66
3237.490367599,66
3237.498578604,60
3237.498585820,266
3237.502826659,60
3237.524095364,66
3237.524966620,66
3237.525690339,66
3237.552785695,704
3237.561247551,504
3237.570996765,66
3237.594799220,385
3237.610391287,385
3237.612366657,385
3237.690237697,66
3237.690773973,5538
3237.690969363,66
3237.702113259,2802
3237.702449417,2802
3237.717882411,2814
3237.718991353,66
3237.719215178,3499
3237.719855466,66
3237.734853446,504
3237.761589547,1070
3237.764899198,2802
3237.765587965,2802
3237.776782132,66
3237.779937406,1434
3237.781708936,5538
3237.782344685,1434
3237.784046637,2802
3237.784510207,1434
3237.787026840,1070
3237.788446473,385
3237.795236578,5538
3237.810759011,1070
3237.818003399,387
3237.891601123,4170
3237.891621279,1434
3237.892652143,66
3237.905245170,1434
3237.905413705,4170
3237.913856374,66
3237.916966064,66
3237.927406347,60
3237.927427852,2814
3237.928667108,3499
3237.928687822,1434
3237.929325353,1434
3237.930402338,1166
3237.934043428,3499
3237.937176620,4170
3237.943928213,2802
3237.961847280,751
3237.982446411,2802
3237.985169433,1434
3237.985738710,2802
3237.987415607,1434
3237.989480251,3489
3238.002804254,1434
3238.005672226,2802
3238.006233028,2802
3238.006850634,2802
3238.007692047,1434
3238.011241210,751
3238.021379410,1436
3238.024107276,751
3238.029031940,1434
3238.092850250,5538
3238.093444560,66
3238.107780365,2802
3238.108629070,2802
3238.126131121,260
3238.150157825,66
3238.161583615,751
3238.211232009,751
3238.233761388,66
3238.274305588,66
3238.360007470,66
3239.634837274,1996
3239.835553902,266
3239.950378036,5538
3239.950414546,1434
3240.029403987,5538
3240.036368493,2802
3240.151115399,2802
3240.151127748,1510
3240.151139218,66
3240.352057455,66
3240.688550596,2802
3240.689689818,2802
3240.690532188,2802
3240.690810415,2763
3240.829795059,723
3240.830583134,1434
3240.831194991,1434
3240.831906939,1434
3240.832460862,1434
3240.832473369,1434
3240.833190880,2802
3240.897588223,5538
3240.900213427,2786
3240.901705487,1434
3240.913843894,66
3240.914624835,66
3240.914912265,66
3240.915818146,66
3240.916099685,66
3240.917125819,66
3240.917416580,66
3240.917428020,266
3240.917725297,66
3240.918404477,66
3240.918859628,66
3240.919421042,66
3240.919432515,66
3240.919758579,66
3240.920539432,66
3240.920550245,66
3240.920552694,66
3240.920835762,66
3240.921405556,66
3240.921532504,66
3240.921539224,66
3240.921892800,2802
3240.923122120,66
3240.923652857,66
3240.924649442,66
3240.924656165,66
3240.926196024,66
3240.926202781,66
3240.926205215,66
3240.926212660,2802
3240.926945635,66
3240.927538189,66
3240.927544981,66
3240.927784892,2786
3240.928710283,66
3240.928717058,66
3240.928719461,66
3240.929374149,66
3240.929592646,66
3240.931071526,66
3240.931525112,66
3240.931700355,60
3240.931704501,60
3240.931706898,60
3240.931709429,66
3240.931713238,1434
3240.937282358,60
3240.945928680,1434
3240.953759169,266
3240.968961374,66
3240.972652567,1434
3241.031050548,1376
3241.093910437,681
3241.102816460,6954
3241.104871047,1434
3241.105618297,2679
3241.106515309,266
3241.117669590,504
3241.121024209,66
3241.121324795,66
3241.123588557,66
3241.127392428,5538
3241.133633495,681
3241.140802823,2802
3241.141252072,2802
3241.149055215,60
3241.149293584,2814
3241.149856181,66
3241.152721650,3499
3241.159835825,66
3241.188434128,504
3241.319489461,504
3241.321975763,66
3241.322829032,66
3241.324503955,266
3241.327781991,2802
3241.327866015,2802
3241.328543025,1434
3241.328703379,1070
3241.328722150,1434
3241.329154464,2802
3241.329317920,5538
3241.329626064,1434
3241.344121544,66
3241.348390818,1070
3241.361188902,4170
3241.361204121,1434
3241.361820945,266
3241.376740437,2814
3241.377058527,3499
3241.390358009,6906
3241.394576338,1434
3241.395182014,4170
3241.395925527,2802
3241.396613597,2802
3241.397270981,1434
3241.422988074,387
3241.425920078,1434
3241.434381091,1434
3241.499332173,4170
3241.516092153,579
3241.525263586,187
3241.531003135,751
3241.531559582,66
3241.550096042,5538
3241.557252061,872
3241.557259069,751
3241.571343140,2802
3241.571676013,2802
3241.572972555,66
3241.588648201,6259
3241.632670542,2802
3241.633011122,2802
3241.701789774,751
3241.731565101,3785
3241.731590532,1434
3241.732159306,66
3241.748164100,66
3241.763500965,751
3241.774246063,66
3241.775370867,1123
3241.775389900,1434
3241.776060232,2802
3241.786067564,66
3241.821453359,847
3241.906308639,66
3241.931931273,1136
3241.944505181,66
3241.976327727,1062
3242.500187663,6899
3242.502027799,1434
3242.502505229,854
3242.549867734,1434
3242.550284020,854
3242.595117769,2037
3242.639142232,4170
3242.689194293,1434
3242.689767066,854
3242.701462505,991
3242.711748451,66
3242.712239507,66
3242.714143754,66
3242.714901913,66
3242.719078450,66
3242.719402209,66
3242.719824369,66
3242.724670188,66
3242.727266983,60
3242.760762459,66
3242.789022324,251
3242.920488524,66
3250.991454748,2222
3251.242302240,6102
3251.343178811,1434
3251.346745749,5538
3251.443381188,2802
3251.443386085,1434
3251.443390297,1434
3251.484383454,189
3280.859915539,1002
3280.867770942,1223
3280.906343509,1223
3280.909684659,1223
3280.942145855,1211
3281.060757044,287
3281.069832939,66
3281.074430307,66
3281.074441681,66
3281.109398407,66
3281.116899339,66
3281.121692814,66
3281.123812002,60
3281.140792029,1094
3281.167530720,1094
3281.176962524,1094
3281.210437932,1082
3281.302416939,1094
3281.345026829,66
3281.349292148,66
3281.349709657,66
3281.349987317,66
3281.355442147,66
3281.357208332,60
3281.384345213,66
3281.618770243,66
3283.133548962,1223
3286.187293978,1094
3292.969452871,173
3293.220905863,60
3328.034598845,185
3328.230391710,66
3352.961679590,173
3353.218871279,60
3369.283773279,2802
3369.285202049,2484
3369.373830162,2802
3369.374001415,2484
3369.437633165,2802
3369.438813532,2484
3369.498090966,266
3369.511807107,5220
3369.521204938,266
3369.568196746,66
3369.568499417,66
3369.569337443,66
3369.569577089,66
3369.570551263,66
3369.572280898,66
3369.573112747,66
3369.574293677,385
3369.575067834,66
3369.575071029,66
3369.575763927,66
3369.575766889,66
3369.576061808,66
3369.576351104,66
3369.576354097,66
3369.576602851,66
3369.577722339,66
3369.577725467,66
3369.581046511,66
3369.581361110,66
3369.582353618,66
3369.582959312,66
3369.586613854,2814
3369.589026912,2448
3369.589030771,60
3369.589033261,60
3369.589035676,60
3369.645449981,704
3369.698397938,504
3369.698873654,266
3369.702611218,66
3369.705516182,704
3369.736537925,66
3369.755695320,504
3369.762121249,66
3369.766005022,4170
3369.766242864,1434
3369.766520325,66
3369.775720819,66
3369.777216152,385
3369.777688482,66
3369.778693806,5538
3369.787983709,66
3369.796470106,2802
3369.796882411,2802
3369.800999799,2814
3369.802491672,3499
3369.839932069,2802
3369.839949052,2802
3369.851545910,1070
3369.899029294,1070
3369.937178684,1285
3369.941234038,1070
3369.962072986,66
3369.974344800,2802
3369.974713206,1434
3369.974977027,1434
3369.976836448,66
3369.976861116,2802
3369.978220178,1070
3369.978232176,5538
3369.979021102,2802
3369.979469327,1434
3369.979710322,2802
3369.980497629,2802
3369.990091225,387
3369.994513200,66
3369.997386054,5538
3369.997884065,66
3370.010612485,2814
3370.010907522,1434
3370.011533191,3499
3370.022187899,4170
3370.057854713,751
3370.092212691,751
3370.132921350,1166
3370.140834593,751
3370.157562447,66
3370.177325887,66
3370.179110672,5538
3370.179387676,751
3370.182317414,1434
3370.182335445,1434
3370.182963007,2802
3370.191053700,66
3370.201694301,5538
3370.203436799,5538
3370.212338369,2802
3370.213094307,2802
3370.220856769,2814
3370.222569059,3499
3370.263909352,751
3370.267549709,751
3370.286024996,751
3370.340801792,751
3370.353825383,847
3370.382440097,751
3370.488563464,66
3371.266509886,4993
3371.666276232,3331
3371.773887798,4170
3371.783003816,2802
3371.783735981,2802
3371.866696533,6880
3371.867565090,66
3372.068042371,66
3404.360320313,1434
3404.360811129,294
3404.365763282,1662
3404.418341918,1662
3404.474101666,1650
3404.475754324,1434
3404.476107713,294
3404.568152861,66
3404.575054168,66
3404.575065630,66
3404.580685161,66
3404.583702226,60
3404.608740571,66
3404.609272506,66
3404.616508168,66
3404.776388768,66
3405.596308713,1662
3412.954923391,173
3413.203841149,60
3472.949083718,173
3473.197521469,60
3475.001841003,1189
3475.021835605,1189
3475.097784846,1189
3475.115684736,1189
3475.189997209,1177
3475.259509549,1501
3475.272410271,66
3475.273632104,1434
3475.273942725,133
3475.277286596,66
3475.286205569,60
3475.311912441,66
3475.317031463,66
3475.320754486,66
3475.320769792,1434
3475.325814977,66
3475.349427488,133
3475.356614957,1434
3475.356886717,133
3475.370390888,109
3475.370633454,1434
3475.468023570,66
3475.468392385,66
3475.472920032,66
3475.472931044,66
3475.473629560,66
3475.477872651,66
3475.478744547,66
3475.481231144,60
3475.498355392,60
3475.516894143,66
3475.521138827,66
3475.531625109,66
3475.550652370,66
3475.663900404,66
3475.950575417,1189
3476.949583026,1501
3488.945495310,185
3489.141184438,66
3499.693334810,595
3499.694664763,595
3499.712265942,595
3499.740462821,595
3499.802235475,583
3499.861626061,595
3499.892594122,66
3499.897068051,66
3499.897589312,66
3499.898071083,66
3499.902817896,66
3499.946111144,60
3499.970999461,66
3532.943098145,173
3533.193277198,60
3582.630172374,951
3582.631835910,951
3582.682321914,951
3582.697108333,951
3582.733029963,939
3582.834839800,66
3582.839322858,66
3582.839892652,66
3582.839903451,66
3582.845042698,66
3582.846913092,60
3582.874477438,66
3582.889024191,314
3582.898272972,1323
3582.929545316,1323
3582.929556466,195
3582.984129933,1311
3583.080628756,304
3583.082996149,1075
3583.104995674,66
3583.109265634,66
3583.109275488,66
3583.114891684,66
3583.136361465,1194
3583.145002757,66
3583.146578591,66
3583.161126804,60
3583.281510600,713
3583.340476673,66
3583.380617895,66
3583.482643667,1323
3592.937257251,173
3593.186609854,60
3610.021160794,66
3610.023621154,178
3610.023656722,4170
3610.024300655,1434
3610.060858335,2802
3610.061316324,2802
3610.061862998,751
3610.103889485,66
3610.118449682,6223
3610.155265347,66
3610.156261214,2776
3610.156281827,2802
3610.212615132,185
3610.219884161,66
3610.223063400,2802
3610.223428185,2802
3610.223712547,639
3610.240101458,185
3610.357620019,777
3610.435873327,66
3610.446693609,751
3610.490755994,66
3611.714744803,185
3611.904601127,66
3611.912858610,5538
3611.947895414,751
3612.147541473,66
3652.952708947,173
3653.202794514,60
3661.697088859,185
3661.895570569,66
3712.923689424,173
3713.174315501,60
3772.917418135,173
3773.166400006,60
3798.191313326,185
3798.387838389,66
3832.910855381,173
3833.160037200,60
3850.024203342,185
3850.033317675,2802
3850.034168341,2802
3850.060296122,185
3850.071382762,2802
3850.071995684,2802
3850.136193375,1092
3850.144526607,4170
3850.155980203,185
3850.163993544,5538
3850.226472653,185
3850.228064381,751
3850.266924854,751
3850.276775937,66
3850.317550639,66
3850.329579231,1093
3850.356014862,751
3850.404867897,66
3850.457978844,66
3850.459806149,2802
3850.459942964,1434
3850.460238155,1434
3850.460452481,751
3850.475200008,185
3850.670829080,66
3850.734275766,66
3851.887194648,78
3851.926264916,66
3851.935864986,5538
3852.087734000,858
3852.178949954,66
3884.275331830,1350
3884.288063152,1350
3884.298687314,1350
3884.319485524,799
3884.361620464,1338
3884.444630713,1350
3884.543550457,66
3884.547956824,66
3884.547967557,66
3884.547969956,66
3884.553603453,66
3884.553614716,617
3884.561964670,784
3884.567673192,784
3884.574013408,784
3884.582984244,66
3884.596932268,60
3884.629957366,772
3884.758794961,710
3884.764157816,66
3884.768489606,66
3884.768764795,66
3884.805166470,60
3884.816590444,66
3884.817383517,66
3884.818285390,784
3884.959752575,140
3884.960379527,66
3884.969585727,66
3892.904362514,173
3893.152050037,60
3952.899826502,173
3953.148657425,60
3953.397039057,60
4012.890672006,173
4013.138593776,60
4016.141298103,185
4016.336888524,66
4072.900365716,173
4073.148143895,60
4090.031931329,185
4090.070432438,185
4090.089120994,1125
4090.096418381,4170
4090.164054373,185
4090.185510237,66
4090.186759906,2802
4090.187836810,2802
4090.226551076,66
4090.229313239,2802
4090.229877653,2802
4090.275188690,751
4090.275972072,751
4090.282985136,1060
4090.316239403,66
4090.316754562,5538
4090.366259257,751
4090.424686490,2802
4090.425168338,2802
4090.425719266,751
4090.427496533,66
4090.476447860,66
4090.559616335,66
4090.645515857,185
4090.843373966,66
4091.934086862,185
4092.096885159,66
4092.106248943,5538
4092.134638532,751
4092.338081144,66
4096.914454538,832
4096.914819461,1434
4096.916072965,2802
4096.917065897,2802
4096.917850759,1434
4097.018845881,2802
4097.019899374,2802
4097.021279073,2802
4097.022330961,1344
4097.105868636,2802
4097.107692556,2802
4097.109943121,2802
4097.111557355,1344
4097.150979473,578
4097.162107265,3160
4097.163679282,2802
4097.164139099,1434
4097.164612891,1434
4097.186861813,1434
4097.186985354,1434
4097.187756306,4194
4097.188235673,2640
4097.222635055,385
4097.228339988,266
4097.311162437,66
4097.312698311,66
4097.312709078,66
4097.314327806,66
4097.314338277,66
4097.315597684,66
4097.315608353,66
4097.315610828,66
4097.315630039,66
4097.316431578,66
4097.316735899,66
4097.317216582,66
4097.317227340,66
4097.317691897,385
4097.318336113,66
4097.318476507,66
4097.318852897,66
4097.319204602,66
4097.319960933,66
4097.319971808,66
4097.319974245,66
4097.321421537,66
4097.322536798,66
4097.322547446,66
4097.324055682,66
4097.324065871,66
4097.325676124,66
4097.329504297,60
4097.329515011,60
4097.329517420,60
4097.347865142,1434
4097.350838341,66
4097.352376510,66
4097.354252963,66
4097.355547766,256
4097.368390135,60
4097.385100764,704
4097.420092334,266
4097.422677285,385
4097.427746988,504
4097.430072700,66
4097.511594008,66
4097.520494350,66
4097.521299867,5538
4097.521421845,66
4097.528686988,385
4097.531297282,2802
4097.532109517,2802
4097.551030176,5538
4097.587400542,2814
4097.588138686,1434
4097.590393846,751
4097.593106577,2119
4097.594327580,4194
4097.594807828,2119
4097.626871649,385
4097.627762752,2802
4097.627782345,2802
4097.628900625,2802
4097.629790484,2802
4097.630557162,1434
4097.633954569,1070
4097.634407786,385
4097.634947086,1434
4097.635852456,2802
4097.637032418,2802
4097.638035168,2802
4097.638920916,2802
4097.659985982,1285
4097.707368234,66
4097.722701736,5538
4097.723109568,66
4097.735237481,1070
4097.737640880,2802
4097.739358710,1434
4097.739364868,1434
4097.790013384,66
4097.816248673,2802
4097.825957514,527
4097.833858600,751
4097.835328540,68
4097.837549833,4170
4097.838398581,1434
4097.846199428,2802
4097.861576319,68
4097.881700991,60
4097.903310216,66
4097.923224640,5538
4097.923655982,66
4097.941053744,751
4097.945948766,2802
4097.946241025,2802
4097.982948580,66
4097.996981602,5538
4098.019052271,1294
4098.033913681,751
4098.036013522,751
4098.091786895,2814
4098.092734827,3499
4098.096957771,2802
4098.097556345,2802
4098.098224515,751
4098.146851198,751
4098.216480952,66
4098.593055288,266
4098.602836405,1434
4098.788358678,379
4098.798201562,66
4105.800047784,1908
4105.801497484,4170
4105.802009504,1434
4106.000794950,944
4128.005154866,1908
4128.205675975,475
4128.206367061,66
4128.406844699,66
4128.410857332,7849
4128.416602991,5538
4128.611784676,4170
4128.612079247,1178
4132.886628150,173
4133.135448262,60
4186.013079718,593
4186.018548787,593
4186.057342084,593
4186.068260451,593
4186.071234366,581
4186.192479706,593
4186.212156642,66
4186.257736192,66
4186.258841681,480
4186.259218508,66
4186.259229415,66
4186.263378353,480
4186.264123133,66
4186.264133863,60
4186.288595393,66
4186.302793965,480
4186.305412893,480
4186.322164633,468
4186.434073594,480
4186.458503850,66
4186.462144376,66
4186.462420129,66
4186.462430823,66
4186.469986379,66
4186.471240453,60
4186.523264538,66
4186.662663193,66
4191.717141447,1641
4191.747928450,1434
4191.748465891,273
4191.780921462,1434
4191.780932282,273
4191.795033365,1434
4191.795312177,273
4191.927533392,66
4191.927544287,66
4191.931802306,66
4191.931813478,66
4191.931815917,66
4191.932077241,66
4191.932088138,66
4191.932090574,66
4191.937228781,66
4191.937239456,66
4191.941557268,60
4191.966430052,66
4192.864019182,1641
4192.873216259,173
4193.122209893,60
4219.503588044,1434
4219.503622175,1995
4219.575041554,2802
4219.575974529,627
4219.638028785,2802
4219.639239747,627
4219.680608249,3363
4219.696025580,1434
4219.708133328,1971
4219.710971654,266
4219.719025924,66
4219.720049334,66
4219.720060083,66
4219.721489022,66
4219.722441901,66
4219.726086062,66
4219.726096559,66
4219.726748532,66
4219.726759573,66
4219.726762017,66
4219.726895440,66
4219.727341576,66
4219.727352480,66
4219.732589863,66
4219.732600392,66
4219.735391756,60
4219.737672524,385
4219.741513587,60
4219.776181883,385
4219.845211439,385
4219.873887488,704
4219.912591388,504
4219.915893255,66
4219.918203076,66
4219.927586248,66
4219.928347410,5538
4219.929346076,66
4219.929352951,66
4219.938912646,2802
4219.939043002,2802
4219.940534437,66
4219.940978337,5538
4219.949766947,66
4219.950635902,2814
4219.957551822,3499
4219.962844962,2802
4219.962864373,2802
4219.971819914,704
4219.979062594,1389
4220.047865250,3246
4220.050670537,1389
4220.061040888,266
4220.071371001,1434
4220.109247475,1070
4220.113407938,66
4220.128889852,1070
4220.128896763,5538
4220.129760534,66
4220.131777380,2802
4220.132272717,2802
4220.157285416,5538
4220.160357988,2814
4220.161394237,3499
4220.161403294,1434
4220.161796713,1434
4220.168455260,3499
4220.179655237,751
4220.189457806,2802
4220.189698513,2802
4220.194417406,2802
4220.194791785,2802
4220.195654546,1434
4220.198510698,1434
4220.205823563,2802
4220.244753847,4170
4220.248695005,1140
4220.256426110,751
4220.257302897,1017
4220.302665063,751
4220.309154859,66
4220.312198330,5538
4220.329247639,751
4220.329898221,5538
4220.330926822,66
4220.334092454,2802
4220.334734226,2802
4220.365512784,5538
4220.380805739,751
4220.424395760,2802
4220.424903798,753
4220.438621999,6906
4220.449221044,344
4220.454748323,847
4220.457592699,6906
4220.462783580,751
4220.496897909,751
4220.504709257,66
4220.529201675,751
4220.531645379,66
4220.639537442,4170
4220.649663088,475
4252.867285220,173
4253.118611571,60
4312.861826866,173
4313.109150358,60
4314.912528620,185
4315.108183532,66
4372.861080137,173
4373.112021704,60
4374.440253296,639
4374.496100747,621
4374.521535573,639
4374.522005748,639
4374.530178483,639
4374.640960027,385
4374.647562125,266
4374.723910970,385
4374.724481424,66
4374.727928954,704
4374.729656666,66
4374.755652236,704
4374.770919681,66
4374.775576741,66
4374.785251840,60
4374.788501943,639
4374.800220962,66
4374.841099423,385
4374.848387509,504
4374.894435532,66
4374.914948962,266
4374.917160331,385
4374.920107247,66
4374.930259721,66
4374.970842760,66
4374.971628794,1434
4374.972076643,9642
4374.972438296,1434
4374.982067221,385
4374.988891126,266
4374.989748768,2802
4374.990196056,1434
4374.990420690,5538
4374.996976731,2802
4374.998535495,1434
4374.998540274,1434
4374.999700719,3499
4374.999707135,1434
4375.000303103,1434
4375.005006240,3499
4375.010273942,2802
4375.010617067,2802
4375.029751109,385
4375.034841968,66
4375.038399465,1434
4375.040292868,1434
4375.041051269,2802
4375.041739144,2802
4375.044070783,2802
4375.044350957,2802
4375.048077781,387
4375.095593663,385
4375.099766202,2802
4375.100209044,2802
4375.103288207,1434
4375.104346451,2802
4375.104630513,2802
4375.110658232,1070
4375.118285839,236
4375.118312807,2802
4375.118469983,4170
4375.131316576,5538
4375.183286614,66
4375.188457984,68
4375.189287215,1218
4375.207533141,4170
4375.209241845,1434
4375.209498181,1434
4375.210943273,3499
4375.214678054,66
4375.263962546,68
4375.274538771,1434
4375.275459918,2802
4375.275653812,1434
4375.297360052,68
4375.301420046,2802
4375.302166260,2802
4375.304186737,751
4375.313622547,5538
4375.353351770,66
4375.390202779,1041
4375.393152679,5538
4375.397194033,340
4375.397213279,1434
4375.397516911,2802
4375.398292269,1434
4375.412201593,847
4375.414942010,66
4375.415428297,5668
4375.503299382,751
4375.503317776,751
4375.514155428,751
4375.549815564,66
4375.593148993,751
4375.604967776,477
4375.615858054,621
4375.651476530,847
4394.900936402,1434
4394.901560802,973
4394.912918070,2341
4394.942222763,404
4394.943320325,1434
4395.080269626,1434
4395.080718873,973
4395.172483277,66
4395.174877953,66
4395.177260632,635
4395.181128685,66
4395.185683499,66
4395.188680862,60
4395.215099794,66
4395.221245318,66
4395.380227529,66
4395.427467142,66
4395.968401772,1480
4396.169387596,927
4399.653906176,457
4399.656695588,998
4399.704352400,998
4399.712597660,100
4399.774289540,986
4399.847874080,607
4399.861192229,66
4399.865981620,66
4399.903803482,66
4399.912749700,66
4399.918228679,66
4399.919288214,60
4399.921664351,964
4399.949281255,66
4400.067500854,998
4432.883017725,173
4433.134650011,60
4433.383903037,60
4482.760697431,2802
4482.762388813,2802
4482.762926958,2513
4482.829770078,5538
4482.829807928,2513
4482.891453493,408
4482.892121129,1434
4482.892582704,1434
4482.893324102,1434
4482.893987470,1434
4482.894106899,1434
4482.998980118,66
4483.000054866,66
4483.000616612,66
4483.001408371,66
4483.001419551,66
4483.001422012,66
4483.002147434,66
4483.002881004,66
4483.002891472,66
4483.004513879,66
4483.004524642,66
4483.005822709,66
4483.005833894,66
4483.005876327,66
4483.005878921,66
4483.006939656,66
4483.007377780,66
4483.007388761,66
4483.007391160,66
4483.007775403,66
4483.008569025,66
4483.008580060,66
4483.008905405,66
4483.009109137,66
4483.009111952,66
4483.011750804,66
4483.012377272,66
4483.012769100,66
4483.013950480,66
4483.015139030,66
4483.015437795,66
4483.020460721,60
4483.026060212,60
4483.026071496,60
4483.091620719,803
4483.192098032,66
4483.205702782,66
4483.217558666,66
4483.266169001,5574
4483.269507201,2453
4483.495978422,2802
4483.495997708,2802
4483.497449007,2513
4487.919017824,1586
4487.919293447,681
4487.944355665,1434
4487.944701649,218
4487.969333695,1434
4487.969500330,218
4487.982970029,1434
4487.983861972,194
4488.119741047,971
4488.121202043,66
4488.122255512,66
4488.125794833,66
4488.125805593,66
4488.126167629,66
4488.126178475,66
4488.126282255,66
4488.131310284,66
4488.136771085,60
4488.167460018,66
4488.167471166,66
4488.215130224,922
4488.238498205,922
4488.257795589,922
4488.286081501,910
4488.337949108,66
4488.364833728,922
4488.387172411,60
4488.416357660,66
4488.422747290,66
4488.423234927,66
4488.455937377,66
4488.462413881,66
4488.500466253,1218
4488.544199247,66
4488.552124784,1218
4488.563723598,1218
4488.565110294,1218
4488.591615862,1206
4488.622497204,66
4488.636521755,60
4488.713686409,66
4488.716392124,66
4488.716402835,66
4488.746797558,66
4488.791514085,66
4488.823073820,66
4488.884288213,60
4492.878395984,173
4493.128157611,60
4526.510297029,6465
4526.517182624,1434
4526.716254289,218
4530.366144300,3594
4531.775112770,638
4531.816182739,638
4531.858276258,638
4531.886705941,620
4531.895349185,638
4531.964277348,266
4531.975615587,385
4531.989437878,66
4531.991947572,66
4531.996154976,66
4531.996648797,66
4532.001918640,66
4532.022787462,385
4532.031013933,66
4532.046069150,60
4532.051371022,385
4532.129280571,266
4532.129558684,704
4532.164176857,504
4532.168505847,66
4532.175985485,385
4532.182882069,66
4532.188472508,66
4532.196727617,66
4532.197207839,4170
4532.197481721,66
4532.197499031,1434
4532.218103236,2802
4532.228446788,704
4532.242427126,2802
4532.245327980,1389
4532.250321605,5538
4532.257618930,2814
4532.259244785,1434
4532.262357248,739
4532.262378850,1434
4532.265557868,66
4532.286978519,2802
4532.287590127,2802
4532.326354430,1309
4532.364181388,1070
4532.371928343,2802
4532.373837302,2802
4532.374373814,2802
4532.375193592,2802
4532.375613494,1434
4532.376604831,387
4532.384261025,66
4532.396970075,1070
4532.398178912,66
4532.398389036,4170
4532.398718955,1434
4532.423603117,5538
4532.435428070,751
4532.438511190,751
4532.468062127,60
4532.468295601,4194
4532.471146018,2119
4532.471156233,2814
4532.475023146,3499
4532.475624919,1434
4532.503665300,1434
4532.506653408,2802
4532.507114037,2802
4532.521754507,2802
4532.522270265,1190
4532.522284520,2802
4532.574944531,2802
4532.575228914,2802
4532.577141262,751
4532.582774966,66
4532.599040862,751
4532.599487208,5538
4532.599902732,66
4532.600138712,68
4532.603003483,5538
4532.674155911,751
4532.687108424,66
4532.718008491,871
4532.775775244,66
4532.778631773,66
4532.799647360,751
4532.803704751,2802
4532.804151202,1875
4532.811387109,2802
4532.818998351,66
4532.821071713,2802
4532.821365734,1434
4532.978577293,638
4533.010193159,995
4534.169254139,7686
4534.370898368,66
4534.560733303,638
4534.571497610,66
4535.502086187,7686
4535.670142008,2802
4535.703034731,946
4552.873624615,173
4553.130204081,60
4593.151115550,185
4593.346654071,66
4612.866412545,173
4613.114532884,60
