6.327346,124
6.327348,124
6.664083,127
6.950758,119
6.950867,419
7.238141,119
15.124423,142
15.124425,142
16.458849,119
23.104000,318
23.306502,318
23.443160,119
23.728383,119
24.378947,318
24.719245,119
25.935719,119
38.840740,318
39.159016,119
43.555474,318
43.891917,119
44.502836,318
44.841946,119
47.608270,119
50.633701,318
50.968890,119
53.345556,318
53.678163,119
61.294992,319
61.635235,119
65.878391,319
65.978448,319
66.218964,119
66.504484,119
71.207737,319
71.494499,119
71.693340,319
72.030011,119
80.142464,319
80.481071,119
84.742683,319
85.075642,119
86.531507,319
86.866787,119
101.307954,119
105.392131,319
105.678526,119
130.831844,319
131.118527,119
143.022849,319
143.361871,119
147.978633,319
148.265462,119
148.527292,319
148.864595,119
150.805979,319
151.092131,119
161.991892,319
162.331292,119
164.698288,319
164.985106,119
166.739099,319
167.025713,119
168.257316,319
168.544882,119
171.667911,319
172.011583,119
180.004394,119
183.299133,119
184.092013,319
184.378875,119
184.580907,319
184.868078,119
193.007318,319
193.294066,119
193.767660,319
194.054701,119
194.176770,319
194.463192,119
198.333960,319
198.620306,119
208.717365,319
209.003632,119
211.263600,319
211.510596,119
211.796113,119
216.963643,319
217.250065,119
220.557542,319
220.898712,119
229.248118,319
229.534060,119
229.768861,319
230.059469,119
230.354410,319
230.640973,119
238.917030,119
240.258677,319
240.545588,119
247.550856,319
247.837405,119
248.281852,319
248.360071,319
248.627301,119
248.728936,319
248.912907,119
249.198384,119
249.850092,319
250.139505,119
256.208015,319
256.544192,119
261.252522,319
261.539344,119
265.303359,119
266.740074,319
267.027494,119
267.313012,119
278.432109,319
278.718958,119
286.629079,319
286.919817,119
296.454495,319
296.742163,119
298.575393,319
298.872791,319
298.940255,119
299.254672,119
300.353576,319
300.646279,119
309.693541,119
315.117739,142
315.117740,142
315.382277,319
315.669253,119
316.149892,319
316.356900,127
316.436577,119
316.459503,127
316.478503,127
316.668002,119
316.668002,119
316.688092,119
316.688235,282
316.814533,119
316.814659,282
316.875573,119
317.022507,119
317.022508,119
317.022836,119
317.022842,119
317.022955,119
317.022956,119
317.024223,245
317.149754,119
317.149756,119
317.149835,119
317.149838,119
317.150122,119
317.150123,119
317.151542,245
317.357704,542
317.483477,527
317.699772,119
317.699828,150
317.699829,119
317.983637,119
317.983874,150
317.983874,119
319.414197,319
319.710511,119
320.008239,319
320.295778,119
320.618119,319
320.961799,119
325.459773,319
325.746541,119
327.869084,319
328.158892,119
331.554571,319
331.842156,119
343.218416,319
343.504649,119
347.303111,119
347.982566,119
351.813108,319
352.100511,119
352.221215,319
352.509054,119
364.003911,319
364.290843,119
369.454137,319
369.742492,119
371.568473,319
371.859228,119
381.992344,319
382.278762,119
395.606014,319
395.893060,119
414.736462,319
415.023428,119
415.832713,319
416.173525,119
427.622719,319
427.909591,119
429.081634,319
429.317803,119
429.603336,119
459.992599,119
460.348984,319
460.635941,119
469.864889,319
470.151227,119
470.653139,319
470.985219,119
473.043877,319
473.330109,119
483.730054,319
484.059020,119
488.619175,119
499.834455,319
500.164878,119
501.656749,319
501.733442,319
501.942937,119
502.228531,119
511.306330,119
517.013374,319
517.299620,119
527.732944,319
528.019666,119
536.235036,319
536.521293,119
537.144032,319
537.430910,119
541.807630,319
542.094830,119
544.009095,119
545.024335,319
545.311261,119
548.700273,319
548.986664,119
550.502157,319
550.789219,119
557.016875,319
557.303576,119
560.950482,319
561.237184,119
561.276807,319
561.563561,119
570.224198,319
570.511042,119
574.677541,319
574.963846,119
578.589038,319
578.877146,119
582.248027,319
582.534823,119
587.240049,320
587.526978,119
593.317608,119
602.028448,320
602.314675,119
615.190935,142
615.190938,142
616.460694,127
616.683719,119
616.683794,119
616.906813,119
626.736549,320
627.023087,119
628.038796,320
628.325319,119
633.388515,320
633.675486,119
633.706904,320
634.036141,119
661.860102,320
662.135467,119
668.831541,320
669.100079,119
670.469993,119
675.307070,119
688.643573,320
688.930071,119
691.049737,119
698.230662,320
698.521216,119
701.743075,320
702.075620,119
704.281798,320
704.568577,119
713.204408,320
713.491377,119
716.382988,320
716.719980,119
731.311480,320
731.598523,119
741.994040,320
742.281196,119
744.186252,320
744.474042,119
746.384980,320
746.671930,119
747.812292,320
748.099328,119
752.538783,320
752.825145,119
753.900633,320
754.186516,119
757.306994,119
766.832743,119
772.217104,320
772.503457,119
775.321335,320
775.607785,119
781.772825,320
782.115734,119
797.516331,320
797.802960,119
801.139371,320
801.239278,320
801.440876,119
801.726042,119
801.739044,320
802.068740,119
803.415368,320
803.702263,119
805.979048,320
806.265155,119
806.534594,320
806.821525,119
810.611661,320
810.898530,119
811.235952,320
811.522172,119
819.297800,119
824.753234,320
825.040242,119
837.222721,320
837.508697,119
839.309285,119
861.605047,320
861.659369,320
861.891827,119
862.180332,119
878.309838,320
878.595992,119
882.122385,320
882.408897,119
911.768592,320
912.055228,119
915.180049,142
915.180051,142
915.319365,119
916.461890,119
916.676218,136
916.676219,136
917.386925,136
917.585681,136
917.784418,136
917.982955,127
918.314078,119
918.314079,119
918.645949,119
921.316145,119
926.653302,320
926.984753,119
929.077192,320
929.364078,119
941.484221,320
941.771019,119
943.721968,320
944.008703,119
952.424974,320
952.711327,119
957.408973,320
957.695393,119
958.674841,320
958.961471,119
961.299761,320
961.586695,119
967.185723,320
967.420842,320
967.472732,119
967.758158,119
969.146758,320
969.433253,119
973.503114,320
973.790077,119
984.286979,320
984.573346,119
990.643147,320
990.930351,119
999.335497,320
999.623103,119
999.690738,320
999.977397,119
1003.327676,119
1013.574017,320
1013.912584,119
1014.058043,320
1014.345168,119
1018.681599,320
1018.968560,119
1021.359040,320
1021.645389,119
1021.925230,320
1022.211800,119
1025.150441,320
1025.288768,320
1025.437483,119
1025.723138,119
1028.671642,320
1028.957878,119
1031.641677,320
1031.927764,119
1032.070124,320
1032.187852,320
1032.357149,119
1032.642803,119
1032.761646,320
1033.047748,119
1037.433133,320
1037.719419,119
1051.691311,320
1052.058649,119
1077.278368,320
1077.564756,119
1081.002126,320
1081.288430,119
1085.308642,119
1087.287408,320
1087.573838,119
1092.860659,320
1093.148671,119
1116.525220,320
1116.812005,119
1121.821168,320
1122.108461,119
1124.145002,320
1124.430896,119
1132.764539,320
1133.051230,119
1152.235073,320
1152.523020,119
1155.672682,320
1156.006120,119
1158.813955,320
1159.101891,119
1160.491288,320
1160.778701,119
1165.331612,119
1167.311332,119
1180.572619,320
1180.859279,119
1183.060232,320
1183.401499,119
1188.306601,320
1188.594135,119
1190.347982,320
1190.634831,119
1213.971241,320
1214.257200,119
1215.120275,142
1215.120276,142
1216.463490,127
1217.470398,127
1218.463360,119
1219.009457,127
1220.030333,127
1221.009801,127
1222.014443,127
1223.009950,119
1225.009933,127
1226.014419,127
1227.010303,136
1227.010305,136
1227.210646,136
1227.409641,136
1227.609128,136
1227.808031,127
1228.106041,119
1228.106158,119
1228.404454,119
1239.067127,320
1239.354054,119
1249.304105,119
1254.412494,320
1254.699476,119
1255.194847,320
1255.481316,119
1255.887807,320
1256.174618,119
1260.401521,320
1260.687991,119
1268.572601,320
1268.859177,119
1293.615374,320
1293.944216,119
1297.768405,320
1298.056171,119
1298.943799,320
1299.283795,119
1306.952219,320
1307.241823,119
1320.049338,320
1320.336324,119
1322.754044,320
1323.040683,119
1327.698584,320
1328.038720,119
1331.312888,119
1337.023448,320
1337.309559,119
1344.521062,320
1344.807789,119
1353.926321,320
1354.212882,119
1364.899960,320
1365.187561,119
1372.674267,320
1372.960631,119
1373.168998,320
1373.455468,119
1380.489346,119
1390.718039,320
1391.004799,119
1401.730263,320
1402.031888,119
1413.322181,119
1427.441309,320
1427.727701,119
1433.278659,320
1433.565949,119
1447.605201,320
1447.892821,119
1455.660438,119
1472.343261,320
1472.626763,119
1479.974770,320
1480.261239,119
1483.047045,320
1483.335024,119
1484.950908,320
1485.237468,119
1489.959057,320
1490.245709,119
1495.313131,119
1500.257118,320
1500.547392,119
1511.668062,320
1511.955125,119
1515.163598,142
1515.163600,142
1516.464011,119
1517.763930,320
1518.050133,119
1518.464113,127
1518.873330,119
1518.873331,119
1519.282542,119
1524.011420,320
1524.298386,119
1526.886320,320
1527.173077,119
1555.242136,143
1557.743385,320
1558.029450,119
1567.369656,320
1567.656072,119
1569.011103,320
1569.297764,119
1572.059319,320
1572.345826,119
1577.354339,119
1580.955470,320
1581.241659,119
1582.842313,320
1583.129277,119
1588.561648,320
1588.848712,119
1593.170381,320
1593.456632,119
1599.278755,320
1599.396522,320
1599.614035,119
1599.899418,119
1601.712364,320
1602.056146,119
1603.442694,320
1603.767786,119
1603.901679,320
1604.187819,119
1605.111726,320
1605.398325,119
1615.246204,320
1615.532643,119
1615.736257,320
1616.023064,119
1616.660122,320
1616.946250,119
1623.600079,320
1623.683208,320
1623.892008,119
1624.177423,119
1625.761592,320
1626.048236,119
1629.229643,320
1629.516399,119
1629.841057,320
1630.127167,119
1632.776606,320
1633.117744,119
1638.535507,320
1638.871698,119
1642.909850,320
1643.196303,119
1650.066251,320
1650.352179,119
1652.082792,119
1653.347055,320
1653.634787,119
1659.344498,119
1670.636842,320
1670.926206,119
1671.858493,320
1672.146303,119
1686.083411,320
1686.369557,119
1703.505676,320
1703.792964,119
1704.625094,320
1704.912509,119
1708.029600,320
1708.316581,119
1713.627552,320
1713.915233,119
1735.955631,320
1736.241972,119
1736.985871,320
1737.322256,119
1741.052759,320
1741.345389,119
1741.630839,119
1767.620649,320
1767.906972,119
1768.277810,119
1773.794960,320
1774.082152,119
1777.708048,320
1777.994878,119
1780.805989,320
1781.093024,119
1801.952227,320
1802.318630,119
1815.192987,142
1815.192989,142
1816.464718,119
1816.677016,127
1816.892945,119
1816.892945,119
1817.109234,119
1823.348543,119
1827.453292,320
1827.740432,119
1849.793674,320
1850.080763,119
1858.655993,320
1858.998797,119
1865.190628,320
1865.477410,119
1873.531243,119
1887.667087,320
1887.960210,119
1891.448964,320
1891.790547,119
1897.975255,320
1898.264514,119
1901.257758,320
1901.544293,119
1904.544738,320
1904.833443,119
1905.363572,119
1920.897729,320
1921.234155,119
1935.558355,320
1935.835197,119
1936.347606,320
1936.634269,119
1946.930386,119
1948.098767,320
1948.385417,119
1948.632849,320
1948.919591,119
1957.918501,320
1958.187998,119
1968.453166,119
1968.849118,320
1969.136377,119
1970.393167,320
1970.687509,119
1972.978623,320
1973.266268,119
1974.389965,320
1974.681160,119
1976.337452,320
1976.623865,119
1977.659573,320
1977.946901,119
1987.348928,119
2006.477838,320
2006.763926,119
2018.804549,119
2027.914531,119
2033.259071,320
2033.545671,119
2033.807398,320
2034.094138,119
2038.409216,320
2038.695472,119
2039.693431,320
2039.980401,119
2040.494749,320
2040.781172,119
2042.338909,320
2042.625426,119
2043.116959,320
2043.404242,119
2051.733804,320
2052.077775,119
2059.736033,320
2060.022582,119
2069.344408,119
2072.187381,320
2072.474018,119
2080.144225,320
2080.431205,119
2089.002025,320
2089.288509,119
2089.354685,320
2089.640943,119
2090.486188,320
2090.868880,119
2098.363179,320
2098.649272,119
2101.566760,320
2101.854021,119
2115.154966,142
2115.154967,142
2116.362596,127
2116.465410,119
2116.484098,127
2116.681938,127
2116.693886,119
2116.694089,282
2116.817268,119
2116.817383,282
2116.960352,119
2116.960467,119
2117.029019,119
2117.029022,119
2117.029207,119
2117.029211,119
2117.029447,119
2117.029449,119
2117.030883,245
2117.151880,119
2117.151883,119
2117.152158,119
2117.152166,119
2117.152391,119
2117.152392,119
2117.153621,245
2117.237925,119
2117.372806,542
2117.498507,527
2117.752304,119
2117.752305,150
2117.752394,119
2118.000923,119
2118.000979,150
2118.000980,119
2119.926598,320
2120.213210,119
2125.939573,320
2126.225997,119
2133.086950,119
2133.707359,320
2133.993585,119
2143.303253,119
2146.362808,127
2146.694064,119
2146.694065,282
2147.029407,119
2147.029408,119
2147.029615,119
2147.029619,119
2147.029835,119
2147.029837,119
2147.031381,245
2147.363550,604
2147.727543,119
2147.727746,119
2147.727979,119
2147.728279,119
2147.746493,119
2147.746593,119
2148.059406,119
2148.059636,119
2148.059874,119
2148.060104,119
2148.060340,119
2148.060573,119
2148.060825,119
2148.061117,119
2148.078347,119
2148.078570,119
2148.078843,119
2148.079436,119
2148.391326,119
2148.391530,119
2148.391764,119
2148.391947,119
2148.392238,119
2148.392471,119
2148.394328,119
2148.396381,119
2148.410407,119
2148.410507,119
2148.411042,119
2148.411195,119
2148.411425,119
2148.411715,119
2148.411952,119
2148.452749,119
2148.724840,119
2148.725059,119
2148.725286,119
2148.725535,119
2148.725762,119
2148.725985,119
2148.726217,119
2148.726475,119
2148.726659,119
2148.726928,119
2148.727150,119
2148.727382,119
2148.727615,119
2148.727841,119
2148.727941,119
2148.728228,119
2148.728458,119
2148.728689,119
2148.728922,119
2148.729165,119
2148.729408,119
2148.729634,119
2148.729833,119
2148.730064,119
2148.730307,119
2148.730529,119
2148.730767,119
2148.730996,119
2148.731228,119
2148.731467,119
2148.731701,119
2148.732025,119
2148.742512,119
2148.742692,119
2148.742920,119
2148.743154,119
2148.743348,119
2148.743619,119
2148.743857,119
2148.744089,119
2148.744263,119
2148.744551,119
2148.744784,119
2148.745071,119
2148.790911,119
2148.880372,150
2148.880373,119
2151.348700,119
2155.300678,320
2155.587304,119
2155.716965,320
2156.004072,119
2160.574799,320
2160.912036,119
2172.918866,320
2173.205899,119
2174.718722,320
2175.005308,119
2181.562385,320
2181.835674,119
2192.055987,320
2192.069529,320
2192.087073,119
2192.372508,119
2193.668274,320
2193.956311,119
2196.210850,320
2196.497183,119
2199.757215,320
2200.046604,119
2223.053312,320
2223.339768,119
2233.346878,119
2239.869372,320
2240.245773,119
2240.913768,320
2241.200078,119
2250.515024,320
2250.801983,119
2251.637430,320
2251.923718,119
2259.236463,320
2259.523184,119
2264.771020,320
2265.057269,119
2273.173263,320
2273.460360,119
2275.184762,320
2275.516943,119
2299.226651,320
2299.513383,119
2313.937263,320
2314.223870,119
2314.981064,320
2315.267849,119
2315.553416,119
2316.001964,320
2316.290062,119
2316.968522,320
2317.254807,119
2324.064449,320
2324.350616,119
2326.727077,320
2327.013245,119
2328.746928,320
2329.034685,119
2329.412581,320
2329.509221,320
2329.699580,119
2329.985053,119
2330.903319,320
2331.190992,119
2337.373823,320
2337.659664,119
2343.243513,320
2343.530075,119
2350.713742,320
2351.000573,119
2356.753198,320
2356.902157,320
2357.039990,119
2357.325716,119
2360.921439,320
2361.207840,119
2368.732213,320
2369.019133,119
2370.258621,320
2370.545384,119
2397.376819,119
2403.571738,320
2403.859144,119
2407.809025,320
2408.096337,119
2408.783224,320
2409.070440,119
2409.762124,320
2410.048978,119
2415.173832,142
2415.173834,142
2416.466278,119
2416.880628,127
2417.162517,119
2417.162635,119
2417.452024,119
2434.808258,320
2435.095051,119
2443.241893,320
2443.528555,119
2445.477999,320
2445.764636,119
2460.169379,320
2460.447240,119
2467.706601,320
2468.017951,119
2468.705565,320
2468.992330,119
2473.639343,320
2473.925556,119
2479.351032,119
2489.974465,320
2490.260519,119
2490.280938,320
2490.609826,119
2490.766001,320
2491.053430,119
2494.602772,320
2494.889400,119
2495.621452,320
2495.908570,119
2496.052840,320
2496.339811,119
2499.437605,320
2499.769432,119
2514.209840,320
2514.496750,119
2514.865581,320
2515.151437,119
2515.858583,320
2516.190862,119
2516.292763,320
2516.578605,119
2519.563628,320
2519.850352,119
2526.691287,320
2526.954524,119
2527.239544,119
2533.198002,320
2533.377157,320
2533.484660,119
2533.769946,119
2537.575344,320
2537.878220,119
2541.403451,320
2541.726048,119
2543.585267,320
2543.872391,119
2561.368280,119
2564.766235,320
2565.053872,119
2567.829694,320
2568.115586,119
2572.282517,320
2572.569510,119
2592.253032,320
2592.585278,119
2600.314910,320
2600.602065,119
2602.133564,320
2602.420336,119
2637.932293,320
2638.218853,119
2643.346075,119
2650.154375,320
2650.486901,119
2665.635789,320
2665.912015,119
2675.989687,320
2676.277790,119
2708.627967,320
2708.914604,119
2710.405138,320
2710.691482,119
2711.514366,320
2711.800890,119
2715.123975,142
2715.123977,142
2716.467398,136
2716.467400,136
2716.711119,136
2716.913801,136
2717.112571,136
2717.311346,127
2717.642527,119
2717.642645,119
2717.974048,119
2719.291687,140
2719.490484,288
2719.690348,136
2719.690350,136
2719.690425,136
2719.691617,136
2719.889474,266
2720.088401,595
2720.305601,136
2722.939520,320
2723.226721,119
2725.351996,119
2730.704686,320
2731.042696,119
2734.672930,320
2734.959336,119
2747.579085,320
2747.866266,119
2760.248354,320
2760.534953,119
2761.227227,320
2761.569158,119
2763.197120,119
2777.848729,320
2778.190569,119
2780.599578,320
2780.886386,119
2783.855364,320
2784.141875,119
2786.924710,320
2787.211386,119
2789.293232,320
2789.579688,119
2800.595751,320
2800.934277,119
2804.918297,320
2805.260725,119
2806.678771,320
2806.966001,119
2807.352713,119
2820.567379,320
2820.853608,119
2830.533963,119
2831.322862,320
2831.609522,119
2839.341056,320
2839.659978,119
2845.926177,320
2846.212721,119
2849.052188,320
2849.338721,119
2853.991400,320
2854.278087,119
2893.166811,320
2893.487449,119
2896.142316,320
2896.429421,119
2899.432545,320
2899.939436,320
2900.451502,320
2900.545806,119
2908.593307,119
2909.201034,320
2909.540592,119
2912.062076,119
2914.720390,320
2915.007273,119
2916.991218,320
2917.277595,119
2925.000517,320
2925.286834,119
2927.563780,320
2927.850467,119
2938.007671,320
2938.294796,119
2945.642164,320
2945.928335,119
2949.622820,320
2949.964213,119
2958.334491,320
2958.625903,119
2962.804852,320
2963.142631,119
2968.161725,320
2968.447776,119
2971.364111,119
2980.374567,320
2980.718332,119
2981.004135,119
2989.225405,320
2989.511520,119
2989.585671,320
2989.871511,119
2990.500329,320
2990.786744,119
3009.792553,320
3010.079445,119
3010.892285,320
3011.179051,119
3011.953285,320
3012.240255,119
3015.130177,142
3015.130179,142
3015.256738,320
3015.542985,119
3016.468426,119
3016.678683,119
3016.972886,127
3017.266654,119
3017.266655,119
3017.559990,119
3024.080821,320
3024.367967,119
3026.043411,320
3026.479777,119
3028.106687,320
3028.394019,119
3032.320507,320
3032.606764,119
3035.909671,320
3036.195966,119
3042.353539,320
3042.685729,119
3050.469398,320
3050.755697,119
3053.351353,119
3080.420247,119
3081.162275,320
3081.449379,119
3095.599927,320
3095.896730,119
3099.425310,320
3099.711888,119
3103.326162,320
3103.613484,119
3112.056654,320
3112.343844,119
3113.822664,320
3114.109703,119
3118.995374,320
3119.282005,119
3128.021615,320
3128.308457,119
3128.457507,320
3128.744320,119
3135.350401,119
3135.447440,320
3135.733791,119
3143.002540,320
3143.289121,119
3145.689696,320
3145.976123,119
3157.931882,320
3158.221261,119
3162.475488,320
3162.817269,119
3170.392063,320
3170.678120,119
3179.124543,320
3179.410564,119
3181.001891,320
3181.145622,320
3181.288223,119
3181.574083,119
3182.317886,119
3194.720277,320
3195.007227,119
3212.130074,320
3212.402518,119
3217.351222,119
3223.625778,320
3223.911863,119
3227.838772,320
3228.168829,119
3228.409093,320
3228.695076,119
3246.858948,320
3247.146863,119
3249.449431,320
3249.735741,119
3250.406171,320
3250.693211,119
3263.112922,320
3263.399749,119
3264.305703,320
3264.591840,119
3268.247127,119
3272.256479,320
3272.542976,119
3283.577665,119
3295.426253,320
3295.713150,119
3297.633984,320
3297.928558,119
3298.780300,320
3299.067330,119
3299.356398,119
3301.542884,320
3301.841522,119
3308.403136,320
3308.900929,320
3309.412898,320
3309.860325,119
3313.641332,320
3313.927563,119
3315.049779,129
3315.049780,129
3315.172923,142
3315.172925,142
3315.460672,127
3315.674122,119
3315.674123,276
3315.891174,119
3315.891175,119
3315.891248,119
3315.891249,119
3315.893192,194
3315.893194,125
3315.893195,164
3316.110221,1149
3316.342499,119
3316.343366,1173
3316.469447,119
3316.562455,119
3316.563666,1149
3316.782663,119
3316.783685,1149
3316.967228,119
3317.001349,119
3317.002591,1149
3317.220352,119
3317.221555,1149
3317.438760,119
3317.439622,1149
3317.454672,127
3317.454960,320
3317.655081,119
3317.656021,1149
3317.789535,119
3317.901009,119
3317.912768,1433
3317.912770,1433
3317.912896,1021
3317.957202,119
3317.957318,119
3318.260221,119
3318.260452,119
3318.260683,119
3318.260918,119
3318.261240,119
3318.458290,119
3318.474316,119
3318.474561,119
3318.516769,119
3320.478324,119
3321.053690,320
3321.137393,320
3321.340280,119
3321.625476,119
3337.664007,320
3337.932367,119
3347.017303,320
3347.327689,119
3348.613018,119
3365.681877,320
3366.023510,119
3368.261295,119
3368.261296,150
3368.261297,119
3372.921826,320
3373.256244,119
3375.215540,320
3375.502432,119
3379.508031,320
3379.799327,119
3381.360473,119
3386.917491,320
3387.216406,119
3396.036935,320
3396.338350,119
3399.631472,119
3403.270588,320
3403.557269,119
3403.635258,320
3403.964022,119
3427.317724,320
3427.608299,119
3433.912793,320
3434.214202,119
3436.362854,320
3436.660686,119
3440.780572,320
3441.078819,119
3443.418250,320
3443.705092,119
3445.080192,320
3445.379636,119
3453.848527,320
3454.197922,119
3463.378451,119
3466.697701,320
3466.984131,119
3472.392574,119
3477.799440,320
3478.085981,119
3486.287893,320
3486.573975,119
3508.088431,320
3508.226701,320
3508.374452,119
3508.660687,119
3526.706474,320
3526.996986,119
3528.390664,320
3528.680291,119
3532.807498,320
3533.094023,119
3533.715548,320
3534.003588,119
3538.840171,320
3539.130441,119
3541.718402,320
3542.056393,119
3545.361930,119
3546.186323,320
3546.472891,119
3549.459535,320
3549.748548,119
3550.778911,320
3551.065099,119
3583.332908,320
3583.619476,119
3592.906283,320
3593.192607,119
3593.351489,320
3593.637591,119
3593.703854,320
3594.045045,119
3595.297041,320
3595.622424,119
3603.498375,143
3605.194974,320
3605.527540,119
3606.265725,320
3606.552691,119
3607.964410,320
3608.251426,119
3612.828424,320
3613.114704,119
3615.132849,142
3615.132851,142
3616.470529,119
3616.762564,136
3616.762565,136
3617.250640,136
3617.449404,136
3617.648474,136
3617.847310,127
3618.178403,119
3618.178519,119
3618.509944,119
3619.632772,320
3619.919715,119
3626.773855,320
3626.912271,320
3626.996921,320
3627.060455,119
3627.346095,119
3627.631575,119
3639.287491,320
3639.573944,119
3641.552150,320
3641.839548,119
3648.354423,320
3648.641129,119
3652.834418,320
3653.121211,119
3670.136792,320
3670.423865,119
3674.041785,119
3685.779106,320
3686.065260,119
3686.089371,320
3686.418066,119
3707.336181,320
3707.625606,119
3709.359158,119
3712.637135,320
3712.923598,119
3714.303300,320
3714.589882,119
3722.722320,119
3754.641015,320
3754.928361,119
3756.371084,320
3756.661243,119
3768.548732,320
3768.835781,119
3775.717114,119
3789.894037,320
3790.180530,119
3791.370251,119
3805.070625,320
3805.358457,119
3806.474398,320
3806.762308,119
3808.402839,320
3808.690013,119
3840.704139,320
3840.970436,119
3848.965675,320
3849.252275,119
3850.437659,320
3850.724003,119
3851.010282,320
3851.346542,119
3866.463218,320
3866.749490,119
3869.524987,320
3869.811477,119
3871.240659,320
3871.527384,119
3873.362485,119
3873.497766,320
3873.785357,119
3881.496267,320
3881.782913,119
3904.623140,320
3904.947631,119
3905.471763,320
3905.758739,119
3915.179822,142
3915.179824,142
3916.368303,127
3916.471097,127
3916.489925,127
3916.686576,119
3916.686577,119
3916.699470,119
3916.699588,282
3916.821236,119
3916.821351,282
3916.901852,119
3917.034243,119
3917.034244,119
3917.034356,119
3917.034359,119
3917.034632,119
3917.034633,119
3917.036055,245
3917.155769,119
3917.155770,119
3917.155857,119
3917.155860,119
3917.156166,119
3917.156168,119
3917.157570,245
3917.368005,542
3917.489569,527
3917.734027,119
3917.737017,150
3917.737017,119
3917.985615,119
3917.985615,150
3917.985615,119
3920.215885,320
3920.502866,119
3931.975253,320
3932.262710,119
3932.563808,320
3932.852301,119
3939.734985,320
3940.022116,119
3940.094478,320
3940.432161,119
3943.547514,320
3943.834538,119
3945.095577,320
3945.382182,119
3946.613116,320
3946.900190,119
3955.359308,119
3957.631169,320
3957.916926,119
3969.665056,320
3969.951821,119
3981.733442,320
3982.020696,119
3983.797209,119
3984.695155,320
3984.982004,119
3986.898640,320
3987.185148,119
3991.482827,320
3991.769753,119
3994.589639,320
3994.876580,119
4000.627567,320
4000.915526,119
4001.758613,320
4002.045673,119
4012.650719,320
4012.937062,119
4013.222439,119
4013.922962,320
4014.209705,119
4023.338284,320
4023.605284,119
4024.928959,320
4025.216123,119
4028.141775,320
4028.428579,119
4029.041500,320
4029.327540,119
4032.280820,320
4032.567727,119
4035.244749,320
4035.531911,119
4036.065591,320
4036.352348,119
4037.366516,119
4038.274502,320
4038.561128,119
4046.913735,320
4047.201077,119
4050.260808,320
4050.547103,119
4051.457772,320
4051.765595,119
4052.058028,320
4052.344918,119
4071.348039,320
4071.634978,119
4074.279682,320
4074.566681,119
4089.433346,320
4089.719383,119
4090.891365,320
4091.178316,119
4094.979834,320
4095.318715,119
4096.123398,320
4096.455831,119
4100.120536,320
4100.419040,119
4101.680989,320
4101.967784,119
4109.078508,320
4109.408912,119
4110.312087,320
4110.658909,119
4112.719795,320
4113.057566,119
4119.366135,119
4131.060722,320
4131.347771,119
4131.370240,320
4131.699207,119
4138.299265,320
4138.638658,119
4145.609248,320
4145.895924,119
4151.694191,320
4151.985598,119
4152.504172,320
4152.832420,119
4155.842030,320
4156.128899,119
4156.597314,320
4156.799760,320
4156.883767,119
4157.169420,119
4169.437519,320
4169.724038,119
4170.495760,320
4170.782241,119
4173.286246,320
4173.572962,119
4178.213838,320
4178.547984,119
4191.348798,320
4191.634765,119
4200.240251,119
4201.362028,119
4206.383302,320
4206.671181,119
4208.254398,320
4208.541608,119
4209.449941,119
4212.252139,320
4212.538408,119
4215.134381,142
4215.134383,142
4215.719819,320
4216.006495,119
4216.471792,127
4216.719330,119
4216.719450,119
4216.966959,119
4217.950345,320
4218.237388,119
4218.912806,320
4219.199575,119
4279.185016,83
4279.431440,119
4279.727778,202
4280.013574,119
4306.108695,320
4306.395570,119
4318.565791,320
4318.896723,119
4319.219764,320
4319.506225,119
4335.008917,320
4335.295089,119
4337.609688,320
4337.970849,119
4343.676992,320
4343.963940,119
4361.539517,320
4361.826682,119
4365.370204,119
4367.397509,320
4367.686785,119
4369.952905,320
4370.240981,119
4374.592585,320
4374.879448,119
4377.605623,320
4377.891733,119
4407.173174,119
4411.570259,320
4411.856298,119
4418.271872,320
4418.558876,119
4418.793127,320
4419.080258,119
4420.410259,320
4420.696319,119
4424.355622,119
4427.417972,320
4427.484775,320
4427.730034,119
4428.017337,119
4440.674725,320
4440.961908,119
4447.360612,119
4454.295103,320
4454.582191,119
4454.769357,320
4455.057648,119
4455.695832,320
4455.983160,119
4464.381866,320
4464.671248,119
4468.945420,320
4469.231211,119
4471.240364,320
4471.526906,119
4476.580385,320
4476.867197,119
4481.045978,320
4481.332862,119
4484.074336,119
4492.677255,320
4492.870821,320
4492.963972,119
4493.249437,119
4504.020059,320
4504.361220,119
4504.836390,320
4505.123479,119
4515.192492,142
4515.192494,142
4516.472832,119
4516.764029,119
4517.055440,119
4517.349355,127
4517.641040,119
4517.641157,119
4517.931933,119
4520.114352,320
4520.401442,119
4523.513006,320
4523.799689,119
4529.379304,119
4556.035179,320
4556.322201,119
4571.329296,320
4571.616225,119
4579.222503,320
4579.496422,119
4585.633141,320
4585.919781,119
4589.806328,320
4590.092406,119
4611.369607,119
4619.616592,320
4619.903266,119
4621.302568,320
4621.590031,119
4639.607477,320
4639.895853,119
4640.449393,320
4640.736976,119
4643.956603,320
4644.245482,119
4649.873381,320
4650.145731,119
4655.171963,320
4655.458778,119
4655.555513,320
4655.718802,320
4655.842737,119
4656.128130,119
4657.871623,320
4658.158265,119
4661.929411,320
4662.216711,119
4668.848534,320
4669.135435,119
4675.268301,320
4675.555147,119
4676.855200,320
4677.141632,119
4680.015783,320
4680.301939,119
4684.578775,320
4684.865064,119
4686.612177,119
4693.369599,119
4693.402705,320
4693.732828,119
4696.720836,320
4697.007218,119
4701.301149,320
4701.587663,119
4709.886947,119
4713.465877,320
4713.752034,119
4715.673530,320
4715.962514,119
4729.474233,320
4729.761533,119
4731.093128,119
4755.681554,320
4755.968975,119
4763.322002,320
4763.609523,119
4764.791686,320
4765.078881,119
4766.091547,320
4766.378439,119
4770.526641,320
4770.812983,119
4775.373222,119
4776.856735,320
4777.144699,119
4783.542686,320
4783.876108,119
4785.369364,320
4785.657324,119
4793.155288,320
4793.441893,119
4794.921273,320
4795.210019,119
4807.165232,320
4807.451279,119
4810.241939,320
4810.529140,119
4815.135950,142
4815.135952,142
4816.473918,119
4816.759935,127
4817.042612,119
4817.042613,119
4817.325702,119
4823.851851,320
4824.138357,119
4827.110777,320
4827.398325,119
4827.923040,119
4838.467144,320
4838.753765,119
4841.181299,320
4841.467926,119
4843.882546,320
4844.170013,119
4848.602898,320
4848.889585,119
4851.167796,320
4851.421677,320
4851.454482,119
4851.739777,119
4852.729635,320
4852.968516,320
4853.016246,119
4853.315063,119
4857.362843,119
4859.029882,320
4859.316230,119
4871.165742,320
4871.509116,119
4879.054830,320
4879.341368,119
4885.444624,320
4885.731173,119
4887.617350,320
4887.904973,119
4893.137873,320
4893.423649,119
4896.827655,320
4897.163751,119
4906.193717,320
4906.481612,119
4907.002129,320
4907.335848,119
4915.399273,320
4915.686290,119
4918.822395,320
4919.109752,119
4919.177843,320
4919.465290,119
4939.363619,119
4950.239809,320
4950.525912,119
4953.546728,320
4953.833098,119
4959.941712,320
4960.228307,119
4960.357210,320
4960.691723,119
4962.321724,320
4962.426926,320
4962.610002,119
4962.895657,119
4971.792786,320
4972.138326,119
5001.822637,320
5002.091717,119
5020.208084,320
5020.548189,119
5021.362262,119
5029.087310,320
5029.374494,119
5061.408461,320
5061.712480,119
5068.400314,320
5068.688419,119
5068.797396,320
5069.083947,119
5069.595943,320
5069.885981,119
5074.249846,320
5074.536179,119
5075.957933,320
5076.244469,119
5082.675858,320
5082.963061,119
5085.059526,320
5085.345864,119
5094.504421,320
5094.791395,119
5100.888343,320
5101.174279,119
5102.252948,320
5102.540077,119
5103.361437,119
5113.024486,320
5113.310761,119
5115.130626,142
5115.130628,142
5116.474835,119
5116.751582,119
5117.151269,119
5117.367488,119
5117.640624,136
5117.640626,136
5118.141546,136
5118.340412,136
5118.539023,136
5118.737968,127
5119.069531,119
5119.069648,119
5119.401252,119
5128.439366,320
5128.726920,119
5152.394800,320
5152.683840,119
5153.134802,320
5153.478334,119
5158.447443,320
5158.733611,119
5160.437192,320
5160.723895,119
5163.723805,320
5164.013935,119
5168.172228,320
5168.458867,119
5168.952616,320
5169.239501,119
5169.860199,320
5170.148160,119
5176.560388,320
5176.847221,119
5177.933154,320
5178.219098,119
5178.694386,119
5183.034061,320
5183.321031,119
5185.371704,119
5188.728256,320
5189.069794,119
5194.469307,320
5194.692763,320
5194.756886,119
5195.042137,119
5203.192544,320
5203.532019,119
5206.200820,320
5206.486725,119
5212.245686,320
5212.532306,119
5223.009306,320
5223.296188,119
5225.686383,320
5226.004625,119
5227.841889,320
5228.128658,119
5228.257287,320
5228.543862,119
5230.622967,320
5230.911506,119
5231.478922,320
5231.765897,119
5250.310913,320
5250.597244,119
5251.165035,320
5251.451576,119
5267.367598,119
5269.603996,320
5269.891196,119
5276.582444,320
5276.869468,119
5296.087961,320
5296.374239,119
5325.403011,320
5325.689547,119
5326.703687,119
5338.537228,320
5338.824338,119
5348.632310,320
5348.921451,119
5349.362541,119
5353.171271,320
5353.458206,119
5358.280709,320
5358.568323,119
5358.652695,320
5358.987140,119
5360.241718,320
5360.583574,119
5362.503575,320
5362.804325,119
5366.214376,320
5366.502695,119
5367.478757,320
5367.729261,320
5367.814427,119
5368.100036,119
5375.665596,320
5375.952336,119
5376.660702,320
5376.946941,119
5377.954512,320
5378.242527,119
5379.515670,320
5379.801880,119
5381.090303,320
5381.376322,119
5386.216173,320
5386.502511,119
5392.838550,320
5393.125475,119
5393.404713,320
5393.691374,119
5406.693176,320
5406.964849,119
5407.045171,320
5407.332429,119
5407.762915,320
5408.049693,119
5415.179507,142
5415.179508,142
5416.475820,119
5416.697185,136
5416.697186,136
5416.838368,320
5416.896196,136
5417.095010,136
5417.125785,119
5417.293772,136
5417.492503,127
5417.824102,119
5417.824103,119
5418.155295,119
5421.801451,320
5422.088679,119
5430.976169,320
5431.248977,119
5431.534920,119
5441.015997,320
5441.302368,119
5447.295442,320
5447.582017,119
5457.889865,320
5458.176091,119
5461.814070,320
5462.101186,119
5468.560235,320
5468.643307,320
5468.847076,119
5469.132508,119
5470.762234,320
5471.103027,119
5493.824877,320
5494.111828,119
5496.965083,320
5497.251749,119
5513.361242,119
5516.083346,119
5529.821371,320
5530.091178,119
5538.164735,320
5538.451168,119
5539.934299,320
5540.220981,119
5542.205068,320
5542.545410,119
5550.425807,320
5550.722671,119
5553.726912,320
5554.067132,119
5566.041192,320
5566.327343,119
5568.609458,320
5568.896068,119
5571.956076,320
5572.243194,119
5580.026109,320
5580.312348,119
5582.403600,320
5582.689913,119
5582.802654,320
5583.089435,119
5584.036392,320
5584.323786,119
5585.661978,320
5585.948680,119
5593.375127,320
5593.738440,119
5595.375156,119
5598.778563,320
5599.064936,119
5605.636096,320
5605.922431,119
5607.221797,320
5607.508550,119
5613.068977,320
5613.359388,119
5626.942516,320
5627.228597,119
5630.735256,320
5631.034336,119
5649.381261,320
5649.726257,119
5651.754381,143
5654.390041,320
5654.677833,119
5655.321684,320
5655.608469,119
5667.273819,320
5667.615338,119
5668.355034,320
5668.675764,119
5670.476708,320
5670.767718,119
5677.374405,119
5683.987279,320
5684.274154,119
5692.126106,320
5692.413196,119
5692.903993,320
5693.242559,119
5715.134197,142
5715.134199,142
5716.375548,127
5716.478309,127
5716.496934,127
5716.685402,119
5716.685403,119
5716.707823,119
5716.707941,282
5716.828504,119
5716.828505,282
5716.893755,119
5717.049815,119
5717.049818,119
5717.050074,119
5717.050079,119
5717.050318,119
5717.050320,119
5717.051588,245
5717.164640,119
5717.164640,119
5717.164874,119
5717.164877,119
5717.165114,119
5717.165114,119
5717.166409,245
5717.383996,542
5717.498886,527
5717.736115,119
5717.736115,150
5717.736259,119
5718.000054,119
5718.000055,150
5718.000114,119
5719.440464,320
5719.733829,119
5723.192002,320
5723.480090,119
5726.518167,320
5726.805153,119
5758.961934,320
5759.248437,119
5759.533768,119
5760.946852,320
5761.232595,119
5764.461116,320
5764.748092,119
5769.170699,320
5769.456750,119
5779.463306,320
5779.760626,119
5792.661486,320
5792.817565,320
5792.975316,119
5793.260621,119
5805.236942,320
5805.524623,119
5808.100577,320
5808.422859,119
5823.619955,320
5823.906812,119
5836.112319,320
5836.430767,119
5841.377991,119
5842.326042,320
5842.613575,119
5845.521627,320
5845.808480,119
5859.159344,320
5859.446233,119
5859.859088,320
5860.145885,119
5862.562439,320
5862.850097,119
5863.766284,320
5864.053000,119
5872.786882,320
5873.075025,119
5877.415584,320
5877.701689,119
5884.331144,320
5884.607439,119
5885.786570,320
5886.073028,119
5891.519794,320
5891.806161,119
5897.736753,320
5898.023078,119
5898.731563,320
5899.018722,119
5900.455396,320
5900.742307,119
5915.108214,320
5915.396019,119
5917.235244,320
5917.521580,119
5919.928685,320
5920.260872,119
5921.356237,320
5921.642773,119
5922.874440,320
5923.160812,119
5923.447213,119
5930.159783,320
5930.446445,119
5943.974564,320
5944.304944,119
5946.119716,320
5946.405772,119
5949.364169,320
5949.650917,119
5951.463072,320
5951.749678,119
5956.246283,320
5956.532940,119
5963.261240,320
5963.547940,119
5976.881881,320
5977.169406,119
5984.019255,119
5996.861594,320
5997.148826,119
5999.506744,320
5999.796009,119
6003.655647,320
6003.942879,119
6005.366907,119
6015.156009,142
6015.156011,142
6016.484628,127
6016.847925,119
6016.848042,119
6017.210626,119
6018.213087,320
6018.501561,119
6018.565983,320
6018.852578,119
6025.027733,320
6025.314811,119
6039.570698,320
6039.858071,119
6040.145984,320
6040.434610,119
6056.409078,133
6056.409080,133
6056.666036,127
6056.884862,119
6056.884983,295
6057.108178,119
6057.108179,119
6057.108180,119
6057.108968,212
6057.328658,417
6057.588883,119
6078.711258,119
6087.368259,119
6139.812284,119
6147.518673,202
6147.804257,119
6207.868368,83
6208.527469,202
6208.813222,119
6212.669676,119
6215.575355,119
6249.109453,119
6291.352451,119
6308.210665,119
6315.224970,142
6315.224972,142
6316.489261,127
6316.830835,119
6316.830836,119
6317.170826,119
6320.476643,140
6320.675383,288
6320.875898,136
6320.875901,136
6320.875979,136
6320.876742,136
6321.074808,266
6321.274796,595
6321.518384,136
6357.552304,119
6357.771233,119
6358.489944,320
6358.776227,119
6358.776343,119
6359.062628,119
6364.571736,124
6364.571738,124
6364.898235,127
6365.184814,119
6365.184920,419
6365.471501,119
6365.892201,320
6366.234314,119
6368.764506,320
6369.095918,119
6371.279510,320
6371.620725,119
6375.411379,320
6375.746794,119
6378.837040,320
6379.172969,119
6385.123860,320
6385.464832,119
6389.533904,320
6389.870013,119
6394.720949,320
6395.096426,119
6397.841048,320
6398.183282,119
6401.452398,320
6401.788968,119
6403.050972,320
6403.337832,119
6403.904316,320
6404.191017,119
6410.042115,119
6411.721427,320
6412.064310,119
6413.556728,320
6413.897546,119
6417.085212,119
6433.570206,320
6433.913306,119
6438.339837,320
6438.626696,119
6450.087942,320
6450.419326,119
6451.924153,320
6452.211236,119
6452.498480,320
6452.864630,119
6462.574126,320
6462.917266,119
6466.235968,320
6466.522696,119
6469.105760,320
6469.429512,119
6470.186234,320
6470.472831,119
6473.989370,320
6474.276371,119
6479.003971,320
6479.290670,119
6481.584749,320
6481.634794,320
6481.916651,119
6482.202752,119
6484.530688,320
6484.817658,119
6494.662016,320
6494.932853,119
6499.074494,119
6511.919882,320
6512.206709,119
6512.570156,320
6512.856994,119
6528.680900,320
6528.968958,119
6539.533620,320
6539.820769,119
6545.532414,320
6545.803923,119
6557.717560,320
6558.005040,119
6566.438952,320
6566.708897,119
6579.296095,320
6579.606794,119
6580.938257,119
6581.224147,119
6583.736414,320
6584.024219,119
6588.812793,320
6589.099905,119
6593.006569,320
6593.292765,119
6601.537880,320
6601.824642,119
6601.887470,320
6602.174273,119
6607.040088,320
6607.327080,119
6607.405843,320
6607.692636,119
6615.260416,142
6615.260418,142
6616.492737,127
6616.709267,119
6616.709381,119
6616.926011,119
6625.965911,320
6626.234295,119
6635.725038,320
6636.011502,119
6638.213866,320
6638.500548,119
6642.962687,320
6643.249106,119
6643.327709,320
6643.614532,119
6663.071834,119
6673.155388,320
6673.445294,119
6676.936940,320
6677.223737,119
6693.919876,320
6694.209303,119
6710.702284,320
6710.989331,119
6717.479888,320
6717.766665,119
6717.896630,320
6718.182947,119
6728.058192,320
6728.345472,119
6737.971480,320
6738.258472,119
6740.192036,320
6740.478761,119
6740.493040,320
6740.821353,119
6745.072913,119
6746.750882,320
6746.973536,320
6747.038691,119
6747.324106,119
6749.224959,320
6749.511589,119
6750.853115,320
6751.139374,119
6769.946280,320
6770.232206,119
6783.130662,320
6783.417543,119
6789.828397,320
6790.102711,119
6792.803253,320
6793.089824,119
6794.254317,320
6794.541284,119
6816.538127,320
6816.836169,119
6821.867802,320
6822.155132,119
6824.035280,320
6824.322461,119
6827.094874,119
6828.497432,320
6828.825744,119
6828.967123,320
6829.303803,119
6831.054262,320
6831.341566,119
6844.548721,320
6844.837402,119
6850.120944,320
6850.408153,119
6851.400163,320
6851.686080,119
6853.382118,320
6853.702150,119
6855.172420,320
6855.460390,119
6856.769714,320
6857.056595,119
6857.975499,320
6858.263273,119
6859.202497,320
6859.489264,119
6860.843828,320
6861.130915,119
6866.342358,320
6866.629176,119
6869.662410,320
6869.949815,119
6882.273100,320
6882.372921,320
6882.560422,119
6882.845740,119
6889.226107,320
6889.400756,320
6889.512647,119
6889.730098,320
6889.798145,119
6890.085110,119
6895.751311,320
6896.038385,119
6909.068854,119
6915.247418,142
6915.247420,142
6916.495658,119
6917.644247,320
6917.945629,119
6926.290157,320
6926.562652,119
6947.510151,320
6947.797041,119
6963.863726,119
6969.892858,320
6970.179797,119
6983.550401,320
6983.838111,119
6991.089903,119
6992.951456,320
6993.238410,119
6993.976174,320
6994.311226,119
6999.161046,320
6999.448422,119
7015.994760,320
7016.281471,119
7021.760517,320
7022.046905,119
7023.500167,320
7023.660655,320
7023.786585,119
7023.896153,320
7024.072251,119
7024.358096,119
7026.710365,320
7026.996872,119
7031.377584,320
7031.663830,119
7032.698022,320
7032.984520,119
7035.819828,320
7036.105979,119
7041.190585,320
7041.487941,119
7044.205484,320
7044.492877,119
7046.724133,320
7047.010237,119
7048.031138,320
7048.372715,119
7057.703817,320
7057.990408,119
7067.959938,320
7068.246636,119
7073.071287,119
7080.881201,320
7081.168260,119
7102.265177,320
7102.552310,119
7106.409070,320
7106.737596,119
7108.237434,320
7108.523549,119
7113.364106,320
7113.650369,119
7114.967083,320
7115.262724,119
7120.573960,320
7120.860859,119
7131.224262,320
7131.510839,119
7148.083032,320
7148.369817,119
7155.089871,119
7162.615218,320
7162.901491,119
7163.204480,320
7163.491695,119
7174.740774,320
7175.069554,119
7189.010769,320
7189.308766,119
7190.727417,320
7191.049421,119
7204.348893,320
7204.635882,119
7214.685904,320
7214.972953,119
7215.158071,142
7215.158073,142
7216.499307,127
7216.707823,119
7216.707825,119
7216.916348,119
7220.079141,320
7220.365895,119
7231.078605,321
7231.366694,119
7231.948259,321
7232.292014,119
7232.433865,321
7232.720694,119
7237.079517,119
7240.432655,321
7240.722892,119
7240.817745,321
7241.106004,119
7242.206235,321
7242.405429,321
7242.492805,119
7242.778271,119
7249.045599,321
7249.370210,119
7269.829897,321
7270.116525,119
7275.971409,119
7280.969070,321
7281.256446,119
7284.172773,119
