30.316621887,74
30.590256428,66
30.590332314,366
30.864824148,66
33.583331063,265
33.901297012,66
36.549283107,265
36.868576972,66
37.422483074,265
37.737597803,66
38.167388322,265
38.485931875,66
39.103342540,265
39.431351774,66
40.645663565,265
40.971409537,265
41.002830683,66
41.313586150,66
45.749375772,265
46.081706478,66
51.666283314,266
51.981973580,66
60.945261705,266
61.276663051,66
62.981229703,266
63.311327780,66
64.530269714,266
64.804521544,66
66.343969332,266
66.671104632,66
66.817776721,266
67.141440925,66
69.771588427,266
70.089221555,66
70.362296040,66
75.244015988,266
75.563004120,66
79.615069996,266
79.943553954,66
85.357358162,266
85.689435220,66
87.024029883,266
87.298637501,66
97.989829827,266
98.311805447,66
107.866580916,266
108.141110268,66
116.176464517,266
116.504608556,66
118.879320787,266
119.154590262,66
123.814760535,266
124.088665280,66
131.871515533,266
132.202430115,66
135.723727677,266
135.998108418,66
139.127676216,266
139.403164436,66
139.973285097,266
140.247957289,66
141.633840312,266
141.910009926,66
143.534788591,266
143.811365308,66
147.977327811,266
148.251127809,66
152.132667172,66
162.574200059,266
162.847875812,66
187.309210125,66
188.595099980,266
188.869499422,66
191.902909200,266
192.177192924,66
195.512495014,66
208.679627501,266
208.953460724,66
213.646440879,266
213.975435882,66
218.423778697,266
218.697313227,66
222.965955929,266
223.240305939,66
226.763483895,266
227.038291841,66
228.004781830,266
228.304517930,66
234.116190939,66
249.820383100,266
250.094789246,66
255.364295632,266
255.638060091,66
259.029191239,266
259.302978416,66
283.969560456,266
284.274484298,66
285.273657564,266
285.548340323,66
289.055538846,266
289.329970987,66
292.787940258,266
293.062604299,66
305.835132831,266
306.112001527,66
310.422265627,66
313.515138340,266
314.245169095,66
316.103086264,66
321.573390587,266
321.847629442,66
325.089320224,266
325.412763850,66
350.201106270,266
350.532318510,66
396.111608683,266
396.503662851,66
403.122529778,266
403.515709433,66
413.913376238,266
414.304884920,66
417.495991938,266
417.888809693,66
421.072367782,266
421.464069371,66
425.364696989,266
425.763475747,66
435.174654843,266
435.566863732,66
441.894348085,266
442.285139859,66
446.140248850,266
446.532197179,66
452.274472389,266
452.726132482,66
455.749138801,266
456.140913077,66
459.297619091,66
460.174593969,266
460.565683851,66
460.658182300,266
461.066499986,66
470.605468692,266
470.997177775,66
471.897906977,266
472.291706831,66
476.097213441,266
476.230114592,266
476.490260760,66
476.882089020,66
480.149774920,66
485.460522215,266
485.852550100,66
489.418000802,266
489.809731306,66
495.755812860,266
496.151959968,66
501.517878501,266
501.941247914,66
502.625044871,66
507.189814796,266
507.581170996,66
518.027319650,266
518.418091220,66
519.760939666,266
520.151545347,66
520.640009572,266
521.067302128,66
521.136812047,266
521.751415414,266
522.359371309,266
522.750945356,66
543.273478454,266
543.664789389,66
546.708718372,266
547.099867927,66
559.264126045,266
559.656436189,66
562.150387938,66
568.285483726,266
568.688816340,66
570.295604573,266
570.687469523,66
573.235440686,266
573.627516440,66
600.834303242,266
601.226186277,66
601.464418177,266
601.856668924,66
603.301571849,266
603.692886788,66
606.015404205,266
606.406698087,66
630.762005247,66
638.315715178,266
638.707509215,66
644.131741589,66
644.723387500,78
646.121992287,266
646.512608761,66
647.953178937,66
652.965695913,266
653.357911608,66
677.631704568,266
677.906232886,66
681.673268145,266
681.947468916,66
694.345417725,266
694.619228660,66
696.334910260,266
696.608926599,66
715.002296911,266
715.276224598,66
725.462260379,266
725.737256686,66
726.135579109,66
727.003829625,266
727.278247821,66
728.273001708,267
728.548705897,66
732.245579503,267
732.519779508,66
748.788612743,267
749.068944847,66
750.823861971,267
751.158698515,66
756.537105621,267
756.813720099,66
762.901364493,267
763.177463350,66
772.118015785,267
772.392858303,66
778.605334521,267
778.880018227,66
779.315101860,267
779.601649091,66
781.935200695,267
782.209771054,66
786.799560744,267
787.074163339,66
791.186172964,267
791.513754892,66
808.411623960,66
810.493193604,267
810.768993630,66
812.917986502,267
813.193019830,66
820.345451228,267
820.673311991,66
822.325953554,267
822.599784439,66
824.450719406,267
824.759644868,66
830.480082569,267
830.718338059,267
830.754368200,66
830.991254066,267
831.027657533,66
831.301372439,66
834.481485590,267
834.755773072,66
844.839558366,267
845.117419003,66
845.393399449,267
845.721005169,66
847.079435174,267
847.354089115,66
861.890717252,267
862.165158966,66
862.799506184,267
863.074107355,66
867.199645815,267
867.474296458,66
877.760003337,267
878.046140818,66
878.533384784,267
878.809494902,66
888.823912150,267
889.149717151,66
890.016502700,267
890.292214211,66
890.565657524,66
913.966481444,267
914.242003191,66
920.407630469,267
920.683444340,66
923.756177918,267
924.030878138,66
928.178753315,267
928.453265056,66
934.426034978,267
934.700934476,66
934.974119524,66
938.313552966,267
938.587310505,66
947.029269375,66
964.018695541,267
964.293016472,66
971.163671200,267
971.437976724,66
972.501989291,66
979.759582226,267
980.033224398,66
989.660454046,267
989.934587016,66
992.204665802,267
992.478472530,66
995.229215319,267
995.503774058,66
996.088185307,267
996.362263369,66
1000.427090740,267
1000.700954139,66
1005.234897979,66
1006.394707063,267
1006.668239836,66
1014.287661791,267
1014.561963637,66
1014.731363071,267
1015.005498035,66
1017.387823195,267
1017.663015592,66
1018.242453782,267
1018.516754675,66
1019.539693921,267
1019.814062373,66
1024.747399415,267
1025.021534459,66
1036.911357301,267
1037.186570823,66
1038.938465739,267
1039.213678539,66
1041.895070988,267
1042.169322037,66
1044.817578117,267
1045.147072500,66
1051.789107584,66
1054.517745719,66
1060.345517068,267
1060.682732498,66
1062.028545666,267
1062.345888941,66
1082.768415598,267
1083.098222674,66
1083.653734236,267
1083.928230831,66
1092.341686448,267
1092.470668040,66
1092.713715587,267
1092.743727041,66
1093.016845238,66
1107.980191072,267
1108.254466724,66
1114.752773472,267
1115.026548053,66
1131.502766818,267
1131.777133591,66
1135.759761135,267
1136.034277849,66
1136.533614463,66
1138.385906249,267
1138.660583871,66
1141.552725238,66
1157.397739226,267
1157.671903784,66
1161.652765604,267
1161.927439627,66
1163.381190541,267
1163.655779892,66
1163.869549251,267
1164.145242416,66
1164.756772032,267
1165.088332355,66
1166.097240167,267
1166.371945346,66
1168.008040955,267
1168.282690143,66
1170.477037692,267
1170.751838417,66
1172.979463867,267
1173.253574182,66
1182.050686882,267
1182.374976229,66
1183.197859155,267
1183.472254859,66
1191.722224041,267
1191.997338609,66
1218.562836061,66
1229.272891646,267
1229.547631751,66
1229.681919267,267
1229.956932450,66
1238.623523248,267
1238.898101572,66
1245.535611499,267
1245.859575105,66
1253.524397686,66
1254.575528299,267
1254.854739503,66
1255.687545608,267
1255.998718338,66
1266.783776986,267
1267.112722740,66
1269.770167448,267
1270.118571438,66
1277.386551728,267
1277.670757556,66
1280.837987997,66
1299.478618294,267
1299.806031158,267
1299.806329678,66
1300.080163945,66
1300.555870481,66
1306.160243798,267
1306.434717859,66
1309.163199309,267
1309.437374760,66
1310.421915314,267
1310.696470514,66
1317.303754377,66
1321.389176271,267
1321.663619170,66
1340.911539416,267
1341.185738370,66
1345.742567405,267
1346.069510698,66
1348.723633748,267
1349.001433841,66
1354.568468522,267
1354.872044551,66
1359.395391556,267
1359.670993128,66
1362.447476912,267
1362.721963436,66
1368.080362908,267
1368.354678520,66
1374.488134685,267
1374.762931057,66
1379.112794208,267
1379.387317268,66
1382.200001721,267
1382.518954698,66
1382.792182338,66
1390.803602151,267
1391.079884122,66
1397.848247785,267
1398.124208619,66
1402.860662832,267
1403.135151632,66
1408.842560903,267
1409.117388727,66
1415.063465913,267
1415.338055176,66
1418.508239167,267
1418.724701876,66
1418.997935776,66
1420.079891308,267
1420.353730297,66
1425.876816609,267
1426.193830849,66
1433.985277644,267
1434.259765950,66
1442.168252459,267
1442.442818476,66
1445.489128589,267
1445.763696769,66
1445.843731011,267
1446.176782860,66
1446.671934536,267
1446.946611820,66
1450.737666133,267
1451.029478682,66
1451.849881486,267
1452.128382671,66
1455.813681777,267
1456.132923346,66
1456.890416173,267
1457.164622408,66
1457.825642166,267
1458.100386978,66
1462.484225920,267
1462.760533004,66
1464.569734834,66
1478.112042572,267
1478.386906974,66
1485.112569706,267
1485.386965434,66
1490.690201240,267
1490.883225112,267
1490.964047305,66
1491.237556277,66
1505.218792040,267
1505.492977132,66
1507.746594476,267
1508.065857752,66
1512.209429525,267
1512.483422580,66
1514.948631050,267
1515.223868633,66
1519.367272506,267
1519.691219152,66
1522.992606982,267
1523.175536318,267
1523.266383467,66
1523.539413423,66
1523.610036730,267
1523.932911362,66
1533.120975036,267
1533.395780209,66
1535.524300022,267
1535.798652053,66
1537.596127665,267
1537.870939723,66
1543.135657450,267
1543.410939267,66
1546.559388787,66
1565.017002282,267
1565.291666258,66
1566.295221790,267
1566.584184896,66
1567.637653421,267
1567.911970695,66
1570.889337222,267
1571.163592393,66
1571.369506780,267
1571.643716674,66
1591.627134990,267
1591.901589431,66
1607.332894173,267
1607.607799874,66
1615.630393881,267
1615.940415776,66
1623.670181210,267
1623.945497087,66
1628.561803986,66
1644.759506967,267
1645.034026408,66
1645.886737074,267
1646.161332066,66
1647.814842717,267
1648.088751275,66
1653.204246281,267
1653.478917444,66
1656.868344611,267
1657.195762283,66
1676.657745452,267
1676.987337874,66
1690.560291126,267
1690.836095443,66
1691.236276220,267
1691.510700172,66
1698.342502644,66
1703.237338744,267
1703.511133585,66
1706.606916874,267
1706.880894879,66
1707.213460989,267
1707.530067508,66
1710.623536067,66
1710.926019995,267
1711.200361555,66
1712.078220127,267
1712.353901914,66
1713.516463592,267
1713.791147640,66
1720.454509851,267
1720.728085624,66
1722.305773557,267
1722.580138762,66
1728.215665398,66
1733.659534824,267
1733.933946699,66
1734.328531967,66
1738.303318301,267
1738.577629056,66
1756.998276320,267
1757.319644189,66
1761.637474112,267
1761.937173102,66
1762.651683062,267
1762.926136046,66
1764.673162190,267
1764.947628443,66
1786.747294941,267
1787.021558864,66
1790.088504359,267
1790.362694855,66
1792.609672058,66
1800.321766498,267
1800.665152246,66
1804.510812308,267
1804.834010992,66
1809.989242762,267
1810.263492075,66
1811.204952542,267
1811.478502417,66
1812.651796173,267
1812.925610319,66
1814.362504785,267
1814.636495195,66
1815.896260632,267
1816.170343237,66
1816.454179829,267
1816.753627023,66
1820.607705129,66
1824.111665890,267
1824.386991500,66
1827.911178275,267
1828.185184923,66
1845.245428065,66
1847.256177140,267
1847.569767498,66
1852.055908275,267
1852.330387865,66
1860.694793772,267
1861.037573283,66
1864.793763552,66
1866.804181736,267
1867.177320251,66
1869.024760355,267
1869.299153669,66
1872.883312459,267
1873.204607248,66
1874.616843203,66
1879.081906532,267
1879.415051647,66
1889.029740557,66
1900.564161624,267
1900.838160321,66
1911.009365889,267
1911.284209046,66
1918.674087897,267
1918.964815811,66
1934.354019818,267
1934.628615316,66
1936.637178034,267
1936.911463582,66
1956.622140047,66
1994.746193581,267
1995.020924216,66
1995.871603324,267
1996.146107937,66
2008.854829670,267
2009.129227067,66
2012.196055189,267
2012.404064790,267
2012.472100940,66
2012.745455582,66
2015.708041354,267
2015.983074070,66
2022.276498275,267
2022.551325760,66
2037.281996532,66
2038.620229287,66
2041.132871770,267
2041.406911850,66
2056.177342581,267
2056.452471188,66
2060.511251475,267
2060.785603149,66
2062.433462562,267
2062.707279045,66
2063.881745771,267
2064.156422372,66
2070.961920054,267
2071.236728132,66
2073.667161677,267
2073.996131233,66
2078.960283116,267
2078.983050949,267
2079.234572694,66
2079.507722984,66
2086.945512683,267
2087.220115061,66
2088.441040857,267
2088.734884590,66
2089.178053907,267
2089.452110400,66
2095.608231193,267
2095.882346351,66
2101.085489235,267
2101.365767705,66
2104.141904280,267
2104.415885954,66
2104.602350574,267
2104.917655648,66
2106.014961601,267
2106.289442944,66
2117.516823037,267
2117.519215053,267
2117.797376739,66
2117.856537701,267
2118.074733230,66
2118.351603509,66
2119.252310055,267
2119.529224506,66
2120.109330219,267
2120.373018435,267
2120.398192204,66
2120.671415211,66
2128.389936379,267
2128.726305652,66
2131.925744977,267
2132.200119850,66
2136.989923182,267
2137.267676088,66
2148.095037911,66
2166.228685883,267
2166.503257745,66
2196.850490831,267
2197.181825972,66
2201.883704976,267
2202.158202569,66
2202.611994282,66
2210.208232319,267
2210.483034480,66
2216.464823604,66
2217.878576179,267
2218.153587922,66
2224.461489136,267
2224.735742488,66
2253.573910248,267
2253.848422363,66
2258.345524508,267
2258.620365253,66
2259.058354028,267
2259.332697631,66
2260.743847759,267
2261.017989940,66
2269.029017024,267
2269.304294219,66
2276.232989225,267
2276.509604846,66
2284.624931686,66
2285.946765303,267
2286.254353213,66
2286.921746251,267
2287.251164465,66
2298.855613448,267
2299.130620971,66
2300.008969897,267
2300.284183671,66
2304.467026148,267
2304.741036309,66
2305.485351946,267
2305.514916141,267
2305.759619683,66
2306.032876658,66
2310.044997068,267
2310.373208333,66
2311.245940936,267
2311.520177525,66
2318.015854070,267
2318.291263886,66
2322.657123631,267
2322.932424559,66
2324.148448562,267
2324.486835521,66
2327.350531270,267
2327.376655572,267
2327.625344239,66
2327.899257921,66
2342.146946765,267
2342.424571142,66
2344.798218224,267
2345.072739136,66
2350.259658701,267
2350.533913989,66
2359.610786959,267
2359.885252169,66
2360.861480263,267
2361.135958477,66
2363.567397824,267
2363.842011704,66
2364.781857176,66
2366.612246649,66
2366.997439796,267
2367.271809826,66
2379.136919872,267
2379.411495757,66
2383.652315124,267
2383.936519032,66
2400.122087993,267
2400.396770274,66
2400.817785782,267
2401.092342644,66
2410.749256506,267
2411.023608955,66
2412.853253545,267
2413.128479016,66
2423.300376805,267
2423.711547545,66
2425.784596429,267
2426.083142335,66
2431.174447968,267
2431.469822340,66
2437.257437952,267
2437.551628409,66
2440.344063235,267
2440.617865716,66
2448.623725717,66
2457.090282574,267
2457.365954437,66
2485.127985637,267
2485.402367697,66
2503.586574531,66
2524.502715045,267
2524.777342769,66
2530.629174139,66
2544.838336107,267
2545.112441150,66
2557.553898896,267
2557.875010320,66
2561.402639202,267
2561.732299277,66
2568.384478182,267
2568.497507912,267
2568.659110013,66
2568.932547268,66
2570.511943379,267
2570.786242777,66
2573.026995685,267
2573.353522997,66
2576.894819490,267
2577.171082968,66
2578.375801990,267
2578.650427159,66
2582.821213240,267
2582.925830579,267
2583.100249015,66
2583.373627209,66
2588.321799030,267
2588.596489124,66
2590.651254693,66
2591.626881009,267
2591.901454884,66
2601.878191321,267
2602.153839168,66
2604.740910530,267
2605.015526028,66
2611.003089362,66
2612.624116097,66
2613.658599672,267
2613.960517670,66
2624.640860781,267
2624.916210313,66
2643.071221869,267
2643.345793038,66
2645.332619880,267
2645.606960791,66
2655.067107075,267
2655.341743952,66
2661.734685951,267
2662.009005329,66
2668.203678712,267
2668.379351295,267
2668.482873881,66
2668.756077760,66
2670.110052566,267
2670.384818950,66
2678.629311161,267
2678.903239715,66
2690.275986851,267
2690.551026061,66
2691.747436802,267
2692.021974496,66
2694.625726265,66
2696.185917956,267
2696.459865794,66
2710.377890157,267
2710.750515371,66
2712.202637647,267
2712.477354929,66
2719.180118717,267
2719.454869007,66
2736.979048706,267
2737.304562958,66
2742.743547199,267
2743.017916145,66
2755.618668271,267
2755.893425814,66
2757.304875621,267
2757.579333720,66
2757.889581925,267
2758.107514441,267
2758.221892224,66
2758.495099951,66
2763.542245492,267
2763.806904753,267
2763.816651246,66
2764.154854976,66
2765.287935903,267
2765.606982553,66
2774.142039293,267
2774.417434522,66
2776.638987322,66
2792.746284836,267
2793.020560279,66
2793.421841233,267
2793.696154989,66
2796.149112425,66
2820.984979662,267
2821.259758918,66
2821.986564206,267
2822.260731702,66
2824.769811238,267
2825.044180572,66
2826.773308727,267
2827.047989801,66
2827.900321024,267
2828.174578634,66
2832.901590928,267
2833.176646414,66
2841.033351082,267
2841.308426785,66
2844.027956717,267
2844.301986260,66
2846.480388493,267
2846.802273053,66
2846.942988786,267
2847.217468693,66
2851.771226704,267
2852.045806616,66
2853.381233317,267
2853.705404649,66
2858.645770516,66
2860.136208099,267
2860.417676558,66
2861.424182481,267
2861.698129305,66
2861.971383965,66
2864.796419799,267
2865.070761479,66
2876.518304893,267
2876.792842845,66
2877.800614323,267
2878.124436314,66
2879.096558591,267
2879.370793939,66
2880.761839171,267
2881.052387281,66
2881.694929651,267
2882.028036287,66
2885.030348546,267
2885.304631095,66
2887.793220360,267
2888.067857652,66
2893.603125072,267
2893.914422156,66
2906.937417524,267
2907.211963913,66
2913.449050049,267
2913.724112217,66
2917.030496848,267
2917.305849313,66
2937.058093149,267
2937.355360250,66
2940.585625598,267
2940.662911165,66
2940.935932267,66
2949.064809317,267
2949.357341112,66
2950.259994040,267
2950.534572727,66
2956.725311967,267
2956.999961009,66
2957.220886225,267
2957.517990112,66
2960.846276451,267
2961.120766499,66
2978.051502864,267
2978.351987035,66
2981.205470718,267
2981.480475252,66
2985.845644311,267
2986.120265423,66
3022.650066882,66
3025.774719208,267
3026.048952299,66
3035.611862185,267
3035.886125170,66
3051.552966618,267
3051.827559861,66
3058.189254369,267
3058.506176346,66
3061.317816843,267
3061.593015560,66
3066.098587032,267
3066.373311116,66
3071.686772574,267
3071.962213542,66
3072.523579483,267
3072.798949329,66
3079.088977318,267
3079.362974642,66
3083.974886330,267
3084.249832407,66
3096.239739348,267
3096.514131582,66
3104.661060575,66
3109.414075955,267
3109.587674939,267
3109.688122515,66
3109.961449605,66
3110.605528870,267
3110.879242966,66
3146.469976114,66
3206.592923121,149
3206.866137200,66
3267.612692516,149
3267.886242805,66
3281.100525908,66
3341.242930115,66
3341.639133593,149
3341.912423056,66
3402.660076310,149
3402.933818538,66
3414.902836922,267
3415.084571129,267
3415.177315154,66
3415.450887256,66
3418.067904862,267
3418.164633721,267
3418.359988599,66
3418.633172962,66
3420.451144319,267
3420.725468439,66
3423.147063281,267
3423.421496724,66
3425.835811805,267
3426.110347310,66
3429.467154376,267
3429.741667975,66
3430.441376281,267
3430.715541950,66
3432.615428876,66
3440.647614218,267
3440.922092351,66
3445.655065401,267
3445.953862491,66
3447.847271586,66
3456.943556912,267
3457.264980794,66
3465.003499573,267
3465.277900700,66
3489.981846732,267
3490.233736756,267
3490.256661388,66
3490.529878754,66
3491.197480876,267
3491.558309145,66
3501.720914889,267
3501.994993650,66
3504.042041229,267
3504.316688181,66
3512.642763671,267
3512.917884391,66
3513.012462021,267
3513.336975709,66
3514.627542404,66
3515.739303384,267
3516.014604867,66
3541.603763073,267
3541.879004598,66
3543.586711973,267
3543.860807194,66
3552.653995655,267
3552.928323325,66
3560.484518781,267
3560.759365000,66
3573.789608397,267
3574.064072985,66
3593.133177304,267
3593.408172869,66
3596.635687352,66
3623.554056526,267
3623.621822198,267
3623.850609387,66
3624.343558110,267
3624.639614678,66
3629.764354091,267
3630.038935292,66
3638.528835641,66
3640.136048623,267
3640.479879261,66
3643.033444043,267
3643.307897118,66
3656.825241304,267
3657.121409758,66
3658.083188194,267
3658.379420748,66
3661.279134636,267
3661.553390403,66
3662.520161976,267
3662.794564384,66
3663.558503004,267
3663.832479393,66
3665.968246474,267
3666.248249764,66
3668.334488429,267
3668.631702628,66
3673.688588405,267
3673.985198085,66
3678.634787101,66
3679.834025627,267
3680.129695827,66
3686.697456866,267
3687.049286343,66
3689.920809349,267
3690.163806964,267
3690.268193744,66
3690.563521642,66
3696.124470524,267
3696.416971220,66
3697.471458896,267
3697.767066159,66
3699.845366967,267
3700.132578150,66
3700.508585630,267
3700.842666158,66
3700.972592799,267
3701.306082537,66
3701.831510139,267
3702.110594278,66
3703.575260458,267
3703.857758766,66
3705.586543166,267
3705.865440110,66
3716.903674652,267
3717.199720197,66
3718.884476249,267
3719.181359577,66
3719.663747378,267
3719.976316651,66
3732.087701340,267
3732.383963820,66
3734.672031879,267
3734.968736512,66
3754.404410653,267
3754.700942057,66
3754.767637910,267
3755.289554094,267
3755.585972548,66
3760.628348313,66
3764.069819260,267
3764.359817419,66
3772.424631200,267
3772.720405694,66
3779.324584548,267
3779.617800134,66
3783.412311464,267
3783.709678206,66
3806.274130000,267
3806.565570358,66
3818.532265262,267
3818.809773719,66
3824.087934433,267
3824.376369252,66
3826.692200116,267
3826.988408669,66
3828.481950452,66
3830.988607097,267
3831.285082019,66
3832.691379206,267
3832.965759766,66
3836.275135551,267
3836.549598511,66
3842.640688165,66
3848.661001514,267
3848.935308994,66
3849.230940474,267
3849.505767035,66
3854.823317506,267
3855.133061160,66
3860.204004915,267
3860.495462648,66
3884.273686311,267
3884.595624186,66
3884.621728155,267
3884.948471665,66
3889.415108831,267
3889.706963468,66
3892.582948618,66
3895.124613451,267
3895.456830745,66
3900.335031338,267
3900.612948874,66
3910.559500550,267
3910.920446261,66
3913.981014848,267
3914.286199826,66
3916.372271931,267
3916.668658835,66
3923.035702058,267
3923.328050720,66
3924.630010310,66
3930.477545511,267
3930.774459390,66
3940.337887537,267
3940.635052475,66
3941.652322513,267
3941.965827649,66
3946.318214290,267
3946.667036041,66
3949.066943180,267
3949.359182759,66
3965.508667974,267
3965.748260073,267
3965.805449603,66
3966.100793587,66
3967.247412028,267
3967.544343870,66
3975.959709528,267
3976.234081353,66
3980.454297922,267
3980.848796100,66
3981.035965619,267
3981.567239439,267
3981.922898369,66
3986.738138628,267
3987.130935821,66
3995.727881654,267
3996.024842671,66
3997.399409067,267
3997.730157854,66
4004.901534902,267
4005.176112777,66
4006.644266773,66
4012.012644881,267
4012.313821668,66
4013.531873660,267
4013.833966835,66
4015.527015564,267
4015.823556157,66
4017.076320590,267
4017.373379412,66
4023.875734517,267
4024.150559330,66
4024.550923977,267
4024.827366101,66
4026.144889889,267
4026.419750193,66
4031.624953965,267
4031.898904495,66
4034.399417637,267
4034.676746877,66
4035.302954801,267
4035.580516442,66
4036.931179821,267
4037.239241291,66
4055.124298135,267
4055.398795707,66
4058.232808996,267
4058.508592543,66
4060.783803202,267
4060.916261962,267
4061.058493951,66
4061.193687860,267
4061.331515148,66
4061.604969373,66
4064.321488516,267
4064.595940215,66
4073.212731880,267
4073.546531310,66
4074.098853488,267
4074.373010830,66
4074.975819016,267
4075.253643981,66
4079.194799732,267
4079.469239461,66
4083.237970471,267
4083.512003871,66
4088.636126166,66
4101.299015285,267
4101.573979821,66
4102.748634263,267
4102.998481183,267
4103.023194818,66
4103.296619118,66
4113.517234154,267
4113.771465611,267
4113.814876019,66
4114.088068723,66
4119.081059746,267
4119.355618160,66
4121.455027734,267
4121.728986551,66
4123.892851490,267
4124.166779558,66
4124.647502194,267
4124.922006186,66
4128.141454648,267
4128.416081079,66
4143.088984229,66
4143.676988287,267
4143.951395698,66
4159.406817876,267
4159.680854353,66
4167.915840506,267
4168.209722253,66
4170.640289165,66
4204.145588190,267
4204.419650894,66
4223.014982668,267
4223.289781416,66
4229.656536620,66
4248.011116117,267
4248.286905054,66
4252.627503496,66
4254.886541693,267
4255.177011063,66
4255.521157677,267
4255.808458648,66
4266.237140452,267
4266.510605750,66
4274.652818710,267
4274.927689692,66
4276.252360336,267
4276.526352664,66
4279.840699781,267
4280.115798124,66
4290.688945237,267
4290.962445558,66
4295.130089193,267
4295.404631463,66
4296.413708980,267
4296.748363142,66
4301.145555760,267
4301.421108647,66
4306.364901760,267
4306.639772705,66
4329.048967876,267
4329.323659102,66
4330.820852779,267
4331.095626859,66
4334.641934823,66
4341.632279520,267
4341.906278176,66
4347.547554188,267
4347.821785900,66
4349.563352523,267
4349.596454697,267
4349.890332204,66
4350.163545731,66
4350.449936838,267
4350.771860257,66
4363.299716117,267
4363.573616572,66
4363.657171539,267
4363.931376123,66
4369.846889323,267
4370.120888494,66
4375.844707026,267
4376.119057922,66
4376.392164270,66
4379.885033350,267
4380.159470227,66
4384.278602463,267
4384.552999585,66
4396.798006262,267
4397.072959506,66
4400.762263165,267
4401.036154046,66
4404.064578410,267
4404.338507165,66
4405.806746170,267
4406.081502938,66
4416.631476575,66
4436.113121188,267
4436.387147031,66
4467.020215919,267
4467.294475436,66
4467.324491063,267
4467.642685810,66
4480.963139617,267
4481.237440710,66
4482.442979214,267
4482.718356792,66
4491.991453926,267
4492.265901066,66
4493.193264279,267
4493.523374437,66
4496.990083847,267
4497.263999012,66
4498.621385849,66
4511.307580585,267
4511.582859507,66
4516.314698356,267
4516.588680064,66
4517.866545616,267
4518.140598466,66
4519.024765553,267
4519.300653264,66
4522.275614429,267
4522.551848130,66
4523.740925372,267
4524.015006904,66
4532.019916539,267
4532.350036039,66
4543.822827889,267
4544.097202865,66
4548.444522520,267
4548.719032766,66
4553.183770414,267
4553.458140501,66
4553.840269194,267
4554.114604699,66
4554.762958415,267
4555.037802012,66
4557.832016668,267
4558.020739114,267
4558.107158759,66
4558.380222758,66
4563.641964817,267
4563.916349699,66
4566.993239270,267
4567.267641159,66
4571.642543213,267
4571.918633225,66
4572.639889229,267
4572.962846564,66
4576.069596714,267
4576.343953166,66
4576.827408195,267
4577.101994271,66
4580.617632534,66
4584.077930382,267
4584.351686658,66
4591.269296227,267
4591.543561022,66
4591.580870639,267
4591.898057925,66
4603.939686292,267
4604.214493230,66
4607.945498624,267
4608.236705425,66
4612.717882105,267
4612.992798856,66
4620.413231168,267
4620.446445038,267
4620.689615115,66
4620.738619604,267
4620.962723707,66
4621.235759553,66
4622.431878638,267
4622.706997670,66
4628.312406794,66
4629.909146171,267
4630.183865988,66
4650.048177320,267
4650.322480193,66
4658.938080935,66
4659.706884934,267
4659.981018102,66
4662.627798458,66
4665.930021153,267
4666.205020028,66
4666.277741482,267
4666.552138372,66
4667.610658507,267
4667.885862108,66
4671.329181224,267
4671.603945656,66
4673.411621514,267
4673.686097218,66
4677.999480144,267
4678.330991760,66
4679.486179827,267
4679.760124161,66
4681.119520730,267
4681.393797274,66
4687.120665345,267
4687.413892069,66
4697.514240443,267
4697.789476033,66
4710.985369670,267
4711.259418580,66
4734.789777138,267
4735.063815611,66
4744.630968580,66
4760.160422269,267
4760.435304360,66
4767.246076646,267
4767.520658491,66
4787.275515050,267
4787.550546362,66
4789.090883985,267
4789.365542752,66
4798.150629397,66
4806.460434344,267
4806.738575324,66
4818.510756744,267
4818.785469894,66
4821.813131287,66
4826.621476929,66
4828.234242365,267
4828.509500362,66
4832.865392763,267
4833.139541452,66
4837.470068156,267
4837.744908150,66
4868.562911554,267
4868.880506431,66
4870.655507704,267
4870.929321256,66
4884.645009838,267
4884.919476547,66
4890.118705335,267
4890.393324488,66
4899.338639733,267
4899.613289645,66
4903.102331872,66
4904.698656611,267
4904.993942736,66
4905.191534362,267
4905.465916191,66
4908.633247346,66
4919.966885339,267
4920.241754264,66
4923.811754670,267
4924.086372320,66
4931.112443395,267
4931.387260464,66
4931.459046340,267
4931.781966184,66
4937.687579215,267
4937.963058477,66
4940.912884043,267
4941.187458969,66
4952.229253811,267
4952.507641975,66
4963.507915305,267
4963.782097916,66
4968.875436628,267
4969.149819159,66
4973.997505941,267
4974.274096590,66
4974.283491419,267
4974.600525371,66
4975.170844514,267
4975.445429119,66
4980.503493226,267
4980.778916737,66
4982.814104922,267
4983.088521167,66
4990.240994858,267
4990.566657925,66
4990.839801301,66
4995.733127519,267
4996.007728463,66
5003.143904123,267
5003.418542739,66
5016.228156648,267
5016.506063009,66
5018.117124843,267
5018.393911460,66
5019.672067073,267
5019.946112666,66
5020.148722459,267
5020.465833009,66
5024.579845809,267
5024.854350312,66
5032.879110827,267
5033.153845943,66
5033.784211615,267
5034.077041958,66
5034.678957681,267
5034.809137869,267
5035.003329256,66
5035.276668055,66
5038.883481352,267
5039.210578148,66
5039.903457177,267
5040.177474812,66
5047.937119852,267
5048.211655178,66
5052.455586511,267
5052.729896032,66
5056.984699278,267
5057.259620604,66
5068.400916175,267
5068.675291193,66
5072.642124976,66
5076.103782511,267
5076.384279332,66
5101.487301212,267
5101.626378489,267
5101.761903299,66
5102.035052671,66
5102.940185579,267
5103.215221539,66
5108.005513336,267
5108.279970364,66
5122.447540488,267
5122.722319546,66
5143.726933177,267
5144.001488119,66
5146.551001629,267
5146.824846199,66
5152.682006638,267
5152.960716190,66
5154.629323249,66
5157.110693844,267
5157.228487390,267
5157.385184573,66
5157.659336887,66
5158.835157884,267
5159.109632975,66
5162.987373666,267
5163.262071461,66
5179.762672017,66
5180.930585652,267
5181.303280933,66
5181.968441973,267
5182.242838497,66
5184.424543832,267
5184.699127740,66
5185.621549716,267
5185.899187290,66
5187.159555376,267
5187.433746321,66
5189.626549381,267
5189.900571167,66
5197.145891419,66
5201.575347270,267
5201.849084709,66
5208.177090892,267
5208.451421410,66
5213.143505372,267
5213.419944695,66
5217.359736678,267
5217.634228920,66
5222.625539220,267
5222.900083018,66
5236.640752218,66
5243.353167963,267
5243.686724564,66
5247.690855434,267
5248.014024577,66
5256.023799417,267
5256.299433690,66
5257.564924444,267
5257.891604228,66
5259.528594317,267
5259.802759062,66
5264.139813883,267
5264.417819643,66
5267.138337397,267
5267.413665931,66
5268.666355924,267
5268.973782954,66
5273.428992449,267
5273.704328703,66
5273.790237081,267
5274.121104582,66
5276.421127395,267
5276.695418441,66
5282.320849254,66
5282.869995651,267
5282.966598269,267
5283.144931290,66
5283.417922998,66
5284.570182556,267
5284.844599288,66
5292.619888368,267
5292.894234040,66
5294.352340146,267
5294.679879780,66
5309.701632095,267
5309.976531472,66
5314.253535771,267
5314.528360399,66
5318.628354198,66
5326.506929211,267
5326.548147018,267
5326.781383805,66
5327.054682037,66
5333.051384053,267
5333.356450811,66
5342.102638124,66
5365.931654127,267
5366.152431914,267
5366.206098039,66
5366.479165034,66
5408.951074351,267
5409.226204953,66
5414.868734424,267
5415.144053788,66
5421.574450246,267
5421.848871527,66
5430.419877403,267
5430.695014303,66
5442.668887383,267
5442.945601967,66
5447.647568136,66
5448.909899423,267
5449.184143134,66
5450.714780850,267
5451.058377088,66
5451.180077349,267
5451.453933796,66
5457.276804846,267
5457.552032443,66
5469.927067395,66
5482.644050190,66
5512.736854157,267
5513.011517754,66
5517.290330222,267
5517.442028636,267
5517.564044896,66
5517.837168954,66
5527.231042338,267
5527.505407419,66
5532.412963359,267
5532.687414637,66
5534.628042924,267
5534.902670671,66
5547.017984948,267
5547.292624901,66
5549.263059834,267
5549.590671767,66
5559.751395091,267
5560.026829756,66
5562.149094132,267
5562.424766351,66
5564.650302802,66
5569.054484589,267
5569.328737304,66
5569.935747535,267
5570.210304808,66
5587.972970511,267
5588.247501137,66
5589.168887320,267
5589.499827728,66
5597.691217753,267
5598.005912450,66
5599.607080060,66
5606.444493503,267
5606.718620560,66
5611.088479829,267
5611.362407632,66
5613.032209726,267
5613.306707946,66
5616.415104976,267
5616.689665545,66
5634.766243507,267
5635.040643263,66
5638.685869171,267
5638.960404297,66
5646.648466444,66
5650.042582963,267
5650.316976184,66
5651.592248167,267
5651.913251825,66
5652.813064165,267
5653.087555891,66
5663.201949617,267
5663.476548206,66
5668.493325631,267
5668.767541528,66
5687.505434610,267
5687.837554060,66
5688.500024756,267
5688.774307507,66
5689.806564009,267
5690.081922742,66
5690.901952056,267
5691.227847159,66
5693.026517841,267
5693.301295577,66
5698.767328526,267
5699.041782178,66
5708.494840944,267
5708.769243832,66
5720.051189682,267
5720.326287239,66
5723.773732480,267
5724.093307291,66
5728.652038076,66
5729.510158747,66
5755.103133561,267
5755.377613001,66
5764.288987267,267
5764.563997806,66
5797.319790478,267
5797.594314803,66
5800.966079914,267
5801.240739458,66
5807.173414828,267
5807.447431599,66
5807.507851853,267
5807.782009323,66
5810.656162720,66
5820.044400146,267
5820.275984754,267
5820.319220242,66
5820.592339615,66
5826.526785651,267
5826.800893245,66
5827.383030333,267
5827.681133041,66
5833.289709930,267
5833.566683073,66
5837.947809977,66
5849.896813714,267
5850.171503341,66
5871.137307168,267
5871.412437780,66
5876.259977521,267
5876.534418980,66
5884.581142147,267
5884.856663548,66
5885.584528710,267
5885.933514080,66
5890.690142597,267
5890.965183192,66
5892.683662055,66
5896.948462822,267
5897.266358254,66
5911.123380276,267
5911.397715967,66
5919.932043939,267
5920.208274439,66
5931.006943897,267
5931.281244123,66
5934.628565298,267
5934.903202478,66
5937.667539397,267
5937.942124480,66
5946.330523033,267
5946.663110874,66
5946.893906426,267
5947.168898559,66
5957.414420336,267
5957.689754456,66
5974.680505653,66
5979.513798135,267
5979.788758245,66
5979.829519676,267
5980.161491640,66
5980.273144750,267
5980.547615716,66
5985.983373006,267
5986.316472817,66
5990.688535149,267
5990.962920608,66
5997.725691374,267
5998.039616748,66
5998.346211633,267
5998.619724609,66
6007.592752771,267
6007.866691722,66
6008.901840595,267
6009.175923240,66
6012.985539464,267
6013.260526657,66
6015.834275495,267
6016.164670159,66
6022.696417385,267
6022.971425409,66
6026.767141057,267
6027.041704850,66
6032.373370874,267
6032.647550123,66
6033.979478851,267
6034.261136358,66
6038.767469283,267
6039.042404298,66
6046.924056813,267
6047.199548933,66
6050.790098936,267
6051.065067525,66
6053.113969900,267
6053.387965394,66
6056.692816967,66
6057.942903249,267
6058.218414637,66
6059.273010039,267
6059.547566504,66
6069.223483064,267
6069.497777579,66
6069.616318991,267
6069.890972494,66
6087.081318017,267
6087.355685989,66
6091.432855843,267
6091.707236358,66
6095.424415193,267
6095.727380276,66
6096.790611203,267
6097.118647580,66
6100.674908827,267
6100.948934806,66
6103.609655084,267
6103.884133090,66
6104.267860554,267
6104.596596084,66
6110.888529027,267
6111.162900973,66
6111.450798236,267
6111.725076110,66
6114.619868222,267
6114.894450470,66
6117.299994855,267
6117.574325158,66
6123.467328610,267
6123.745659791,66
6124.407777204,267
6124.682718710,66
6125.937917459,267
6126.212377402,66
6130.035514470,267
6130.310417124,66
6138.685576675,66
6157.776732960,267
6158.051367642,66
6160.587838498,267
6160.871397149,66
6165.071883542,267
6165.346411326,66
6172.636320218,267
6172.910617378,66
6173.442207337,267
6173.773507500,66
6182.884310899,267
6182.922093877,267
6183.158512618,66
6183.431589926,66
6193.396839391,267
6193.671221175,66
6197.255680435,267
6197.530275768,66
6209.219331275,267
6209.495139720,66
6210.050617067,267
6210.325074671,66
6214.828734687,267
6215.103156811,66
6220.675824587,66
6223.944753335,267
6224.219823914,66
6229.339082921,267
6229.613578956,66
6238.888194958,267
6239.069514220,267
6239.162078887,66
6239.435243166,66
6245.609647936,267
6245.930910423,66
6247.812024444,267
6248.086896589,66
6251.534917907,267
6251.809149229,66
6254.742778157,267
6255.017593681,66
6263.530041438,267
6263.804584461,66
6266.711968861,267
6266.986166816,66
6282.958143586,267
6283.232211113,66
6298.104137104,267
6298.378688188,66
6301.259206386,267
6301.533626537,66
6302.680657624,66
6311.241110051,267
6311.515176371,66
6336.125962454,267
6336.442059023,66
6339.065309263,267
6339.339547255,66
6343.393312611,267
6343.667645318,66
6346.814434523,267
6347.089692156,66
6353.527963406,267
6353.821939358,66
6362.156149939,267
6362.431921323,66
6384.715832561,66
6396.623324157,267
6396.897533323,66
6408.410173916,267
6408.684799497,66
6422.137647050,267
6422.412032428,66
6426.529758403,267
6426.831183063,66
6436.158338128,267
6436.434120919,66
6440.404151820,267
6440.678821669,66
6451.150757099,66
6454.448835117,267
6454.723590070,66
6457.672465702,267
6457.947089690,66
6466.703352207,66
6487.324455710,267
6487.650651964,66
6495.777515404,267
6496.072340692,66
6499.691855141,267
6499.903965461,66
6500.177054071,66
6502.189516773,267
6502.463421275,66
6505.887928830,267
6506.161943504,66
6509.875241997,267
6510.150627761,66
6512.316420114,267
6512.593181845,66
6520.530655689,267
6520.805573335,66
6521.566972851,267
6521.841974091,66
6523.879787539,267
6524.154352642,66
6533.485789022,267
6533.760149979,66
6536.064352290,267
6536.384233260,66
6537.624932105,267
6537.900167390,66
6547.365689138,267
6547.639920605,66
6548.713268086,66
6548.989823358,66
6578.427020958,267
6578.701610634,66
6590.098112074,267
6590.374403926,66
6591.060103664,267
6591.334615725,66
6592.031424691,267
6592.306033617,66
6595.593084542,267
6595.870022359,66
6608.122196515,267
6608.396058220,66
6608.685026047,267
6608.958862827,66
6618.722006082,267
6619.010104204,66
6619.056703806,267
6619.386006034,66
6623.604686292,267
6623.879065928,66
6627.468307837,267
6627.742691427,66
6629.307879705,267
6629.582546520,66
6630.495332370,267
6630.712733999,66
6630.986875162,66
6637.055061321,267
6637.329473389,66
6639.996404576,267
6640.271327981,66
6640.411262809,267
6640.685673430,66
6642.150516964,267
6642.475372086,66
6644.367626839,267
6644.641767327,66
6648.825469817,267
6649.090282709,267
6649.099887990,66
6649.409800442,267
6649.417762756,66
6649.690828519,66
6651.914611930,267
6652.189486956,66
6652.683345228,267
6652.957641639,66
6671.549076034,267
6671.823286211,66
6672.229868578,267
6672.504573871,66
6675.373083907,267
6675.647054655,66
6680.186117151,66
6682.078098104,267
6682.406027941,66
6689.180787410,267
6689.456211296,66
6690.493278468,267
6690.768332475,66
6691.232538293,267
6691.510523096,66
6701.497300704,267
6701.771862685,66
6712.737372423,66
6717.033740899,267
6717.362862224,66
6719.118773786,66
6720.358152606,267
6720.632674328,66
6728.593630048,267
6728.930457420,66
6749.909949215,267
6750.184336551,66
6763.282459219,267
6763.556621039,66
6794.734315880,66
6824.723519151,267
6824.998187503,66
6835.202619436,267
6835.411785221,267
6835.476313158,66
6835.749658421,66
6844.033979765,267
6844.312560520,66
6856.451970077,267
6856.727063869,66
6866.107828503,267
6866.383114701,66
6876.744730896,66
6891.218500462,267
6891.493072592,66
6891.746239958,267
6892.020888981,66
6893.913885804,267
6894.288700245,66
6906.557224815,267
6906.831998877,66
6907.968642094,267
6908.296877087,66
6913.736098579,267
6914.042677181,66
6919.263420842,66
6921.051926307,267
6921.335282428,66
6921.612549839,267
6921.886965323,66
6923.100916414,267
6923.375354735,66
6926.782384196,267
6927.056305532,66
6929.553021662,267
6929.827376032,66
6932.927581502,267
6933.201685178,66
6939.646376487,268
6939.920857873,66
6945.433462599,268
6945.707764953,66
6947.343567549,268
6947.618117580,66
6954.061874575,268
6954.336590466,66
6958.435962824,268
6958.726979462,66
6959.000396262,66
6970.577517488,268
6970.852054985,66
6975.622453540,268
6975.909975625,66
6982.683687385,268
6982.957687739,66
6992.634479307,66
7003.218316044,268
7003.543510866,66
7009.566685842,268
7009.840582546,66
7012.278336977,268
7012.553132636,66
7019.236654715,268
7019.514791422,66
7023.248783055,268
7023.523280242,66
7040.746067713,66
7041.502885782,66
7051.579627254,268
7051.857460912,66
7056.292481718,268
7056.567438029,66
7064.490784667,268
7064.765861486,66
7066.883385377,268
7067.157742791,66
7071.639409336,268
7071.914078675,66
7073.082113016,268
7073.358119963,66
7074.407787190,268
7074.737385855,66
7091.273545407,268
7091.547630226,66
7094.431707428,268
7094.705895513,66
7100.538455281,268
7100.820280855,66
7107.402857174,268
7107.677561771,66
7109.184309487,268
7109.459965647,66
7122.733851638,66
7124.582968683,66
7130.517427654,268
7130.791358385,66
7137.001920298,268
7137.319365173,66
7137.589448765,268
7137.862989243,66
7139.065910134,268
7139.340339146,66
7140.376570043,268
7140.654436164,66
7158.238615351,268
7158.517178300,66
7162.810562524,268
7163.085596992,66
7165.656658035,268
7165.931292757,66
7178.088097683,268
7178.363428099,66
7195.878992237,268
7196.153408989,66
7204.734349879,66
7207.903727003,268
7208.230987913,66
7208.435919816,268
7208.710549173,66
7214.330791609,268
7214.605218039,66
7224.361579899,66
7231.626309246,268
7231.667949942,268
7231.901742078,66
7232.174870003,66
7257.676506700,268
7257.951156068,66
7265.509773880,268
7265.783790316,66
7284.112220397,268
7284.388286201,66
7285.735303194,268
7286.009842719,66
7286.736088263,66
7304.632982641,268
7304.907053747,66
7312.906271801,268
7313.180739660,66
7315.940805463,268
7316.215220061,66
7317.088561775,268
7317.363196453,66
7327.206983000,268
7327.481497138,66
7331.066034700,268
7331.340083701,66
7334.468146047,268
7334.742778881,66
7346.748639166,66
7351.701438702,268
7351.975441938,66
7355.472183749,268
7355.769298641,66
7366.735285319,268
7367.052128740,66
7368.751399354,66
7385.704367792,268
7385.979242317,66
7386.629878473,268
7386.955351113,66
7395.471576689,268
7395.745461561,66
7402.201145507,268
7402.475630424,66
7411.071452936,268
7411.346047131,66
7411.530561279,268
7411.805685487,66
7417.347446299,268
7417.622016859,66
7421.517409393,268
7421.792440788,66
7422.214762621,268
7422.488815855,66
7446.496441688,268
7446.837368004,66
7447.238237461,268
7447.512710425,66
7447.834853953,268
7448.109246281,66
7450.731983273,66
7465.930502537,268
7466.255610150,66
7469.448196815,268
7469.722778801,66
7469.739941274,268
7470.056543031,66
7473.407572101,268
7473.681786296,66
7479.778369353,268
7480.057597029,66
7480.323749691,268
7480.598148221,66
7481.589010885,268
7481.863480745,66
7507.166788067,268
7507.441258085,66
7512.374449630,268
7512.649044977,66
7515.190003099,268
7515.266945377,268
7515.464617977,66
7515.737802566,66
7529.903847553,268
7530.178578802,66
7532.751968338,66
7536.493211819,268
7536.809476894,66
7543.322257343,268
7543.596969637,66
7555.067728651,268
7555.394660334,66
7556.025517085,268
7556.349596841,66
7558.951216627,268
7559.271182098,66
7563.363750099,268
7563.639425938,66
7572.511346419,268
7572.785992383,66
7574.166876398,268
7574.441449800,66
7584.760188374,268
7585.035023807,66
7595.193468021,268
7595.468100748,66
7598.106223332,268
7598.380346830,66
7612.637281703,268
7612.911757343,66
7613.494333972,268
7613.768561612,66
7614.749036773,66
7618.871156308,268
7619.145887810,66
7637.261500068,268
7637.536030959,66
7637.871843760,268
7638.146735686,66
7641.563226249,268
7641.891485014,66
7656.976188028,268
7657.291115784,66
7660.042708958,268
7660.213998836,268
7660.316783303,66
7660.589934686,66
7670.093429258,268
7670.367844678,66
7684.956386387,268
7685.231082166,66
7689.001105174,268
7689.275777484,66
7691.755945483,268
7692.029912781,66
7696.752880095,66
7718.256835143,268
7718.532678875,66
7720.140985671,268
7720.416359970,66
7722.325694714,268
7722.600456660,66
7730.042724746,268
7730.317182847,66
7740.497031986,268
7740.770854319,66
7746.952841634,268
7747.229418924,66
